50921
17385
5776
1692
34934
21279
22781
44263
51307
51950
14355
34758
4520
42972
3713
42085
49861
27838
50819
51258
33516
50349
36703
35004
14200
4267
10127
19250
18714
25989
10037
33538
11521
17315
47811
43118
12334
21640
25467
23699
35106
44322
24692
26599
34164
48229
50494
28538
43482
30328
36638
48763
19605
41189
27660
23803
20083
40517
30004
23622
37703
45397
32365
38206
40015
52017
45024
23170
29245
38388
29106
23255
35965
12184
26356
5052
30724
28198
49931
28564
2425
19968
36467
36892
36099
31245
23409
28528
20713
31499
22652
31602
48372
18002
18122
18132
36383
30263
39516
32220
33666
18832
43063
30863
1551
25493
15385
24517
32597
51969
18684
30698
43351
9928
44303
18555
41672
3058
45749
28190
34254
1821
35428
35429
35430
51103
40699
21612
36958
10464
22112
42232
23554
23118
18674
26190
25549
31942
28307
19337
24022
46
30368
34045
14667
45795
31103
10707
26015
18770
29159
18651
23607
50802
30837
36577
43077
51203
26063
582
1669
25586
21110
41010
16703
86
7242
7243
7244
7245
7246
7247
7248
7249
7250
16396
11110
15294
30835
49426
47282
18489
26630
34258
36118
37584
18418
15540
48970
39185
18681
26984
52102
24454
37917
6991
10165
34396
11349
2381
2364
14772
3022
42024
16340
44307
37761
507
46966
22455
2233
30617
24749
2522
40907
21305
48938
1481
7062
26692
15542
31655
3722
22329
51579
40661
19023
14654
32993
35512
14490
23999
6113
32692
29361
17249
49806
50736
2498
9905
47246
28966
31244
41631
30007
51792
37908
26050
21768
10690
39082
40408
31124
1554
22807
48910
30585
36361
49546
1559
5882
13085
34102
25765
16207
12214
9320
9315
9316
9317
9318
9319
50032
3174
21038
32651
6704
25306
12021
3180
34140
5676
18086
38521
1427
49033
43911
18840
357
14432
52126
16682
42428
2712
23048
18581
21607
44404
21626
29667
38054
5260
15930
51273
26955
1163
18968
34675
32246
23575
44077
21383
10605
10592
23530
38447
21871
7016
43543
23523
17083
32285
32559
76
7100
7101
7102
7103
7104
7105
7106
7107
1935
4644
500
1825
48320
36624
40875
18732
11339
49010
28
21
2501
41932
51609
44237
3739
3736
3737
3738
21384
31018
5972
20403
32010
14855
10397
41408
23588
20031
27696
2723
19859
45871
35455
21104
35213
21074
20499
10433
36873
6325
8073
6305
29486
23119
41660
36080
40546
32524
15694
14077
32568
23960
4591
1626
13944
13554
39834
50318
4590
43192
21867
29670
38306
32930
39417
51940
5830
21767
5162
10844
1939
34650
23696
14967
44786
44351
51964
22663
32487
51129
39519
7084
36874
19761
24244
23732
125
48845
6142
41709
50869
767
43076
51352
10455
12131
23174
15906
11427
2737
51947
51944
51945
51946
17069
29860
13288
3049
1359
13826
27514
12633
24645
4600
3366
3367
3368
3369
3370
23744
39454
7184
13500
39150
913
38160
35154
35080
34922
7027
39543
19476
15138
1086
2618
21121
20081
5721
873
32199
36671
2324
37866
20978
19523
51460
6954
37330
11904
29287
45494
25997
6458
10584
31312
33834
36388
35228
18357
44114
20651
51952
1147
1607
18857
3748
40155
11532
519
14127
44290
13438
324
6311
4932
38368
30963
41303
57
23745
5172
28326
39490
1550
47624
44994
5100
34777
3258
24180
34428
1898
41764
11195
18810
33884
1461
32565
94
29763
13305
10891
6803
10327
980
33713
28069
19551
49075
4097
9763
9764
9765
9766
9767
9768
9769
9770
9771
9772
9773
9774
11
19033
28885
19002
46586
50863
26956
31241
24866
48483
48482
47997
37107
21317
31984
4312
38832
44773
49677
23702
15343
34465
35440
10101
38421
8730
27162
2859
31366
17165
48063
31248
23786
20721
23780
28648
43769
23779
20722
42582
41526
45045
23781
31498
30897
51171
52047
27377
20340
22370
26256
26723
24168
17506
21850
15410
10050
146
37332
31451
19175
16186
21681
23871
38872
34143
43595
40073
19001
15002
15241
25650
32504
25577
5174
711
2727
16457
29019
24161
30680
15895
25152
41096
14895
12302
32434
24963
51185
36518
16766
2231
4589
47098
21233
32765
25885
35706
51603
30400
720
14013
31861
43142
25500
46505
12172
34483
28112
3184
15922
40539
28059
17063
13695
16860
22711
51596
20002
37731
14261
2139
51623
28631
43242
31489
51099
45351
37405
49284
37152
35147
14832
19341
16143
10402
6330
17237
14171
51954
30464
33423
49531
1813
37563
11063
8713
6132
28070
36503
41574
16096
44878
28597
7061
9988
32516
42520
23731
30087
33228
21929
38161
12556
22278
1348
51681
21055
25741
23636
24927
23920
51615
41581
51274
20119
25740
6098
6095
6096
6097
18434
24807
11733
38083
38084
38085
36726
4357
45279
977
23207
1407
17195
43121
23176
21064
24615
21070
23363
2280
1878
48911
23992
30763
12129
32207
45042
48444
35431
5382
5374
5375
5376
5377
5378
5379
5380
5381
28441
3806
23009
28167
4271
22164
32985
7346
29297
45192
19381
34971
41249
34943
35014
22960
35002
34486
11723
31535
1631
2698
21131
13531
3025
1877
18545
38188
36517
495
26369
36156
35985
34277
46195
31115
2531
36332
12130
4715
18140
16206
33242
38075
36679
45925
46102
51911
22309
22285
9664
26719
40368
10339
19330
19107
26407
31915
33825
47587
3999
3996
3997
3998
50832
24443
45960
31858
23561
34909
36378
22585
1597
28229
39606
1956
24130
51046
8532
23096
3156
3666
10628
13679
38490
32562
42111
14606
18939
52097
14831
10396
27594
48393
2423
22702
5460
5450
5451
5452
5453
5454
5455
5456
5457
5458
5459
51434
31601
43127
29284
14556
9965
33747
43148
15941
1456
11499
47195
29029
43050
40937
35839
16804
41004
17200
34297
4637
30072
42919
1678
2196
37265
42692
23809
37707
50466
18233
40800
534
43154
210
43349
31391
42756
1399
5773
35505
41816
26596
37551
51692
32707
47
44247
43678
45
51
10817
544
6668
37357
49207
45350
39427
524
44789
14373
25771
36550
44583
44306
30111
28400
375
30648
31792
2787
1352
25001
22206
29323
35851
35850
35849
3051
272
38019
5437
29752
29711
1714
22866
638
20745
1249
1250
52059
27684
40909
24690
3606
26241
34489
25440
32936
42328
15793
3710
44557
1654
10958
31173
6526
30640
24436
30742
19089
51461
224
23501
18605
33389
1478
8080
1555
35055
25145
17272
12470
26847
23366
35625
35627
35629
2711
43599
39323
26612
21073
26966
16721
51252
51775
1891
41136
34088
10001
1656
26126
1970
18505
4217
22708
13324
51152
35313
38723
30224
43463
6985
43645
3404
21641
41698
1812
13315
39810
31715
16971
27630
62
49786
6021
24770
26332
22804
2692
40668
25595
5588
26772
1817
32920
49468
5516
5508
5509
5510
5511
5512
5513
5514
5515
42944
4020
23383
20809
21622
40693
51822
5114
3324
15994
36490
26828
32082
33662
12449
41929
15044
23364
40331
40332
40333
3723
23168
43143
21899
42895
23358
753
1895
32530
11461
29204
42125
17359
36424
9789
6140
21671
35246
39744
4982
10511
1588
33399
6635
10549
29894
35927
4394
38719
3962
3958
3959
3960
3961
12346
28236
2641
33599
41009
35186
12616
48986
14662
103
2154
19907
30190
43008
38764
27789
49650
47677
4014
40203
48904
10888
18508
32424
35723
22522
34799
45719
38781
41119
39172
39598
21797
2867
35396
27464
38540
15951
35012
35265
35266
38156
1810
45880
45881
45882
32916
804
48642
10727
2305
37488
37926
26417
30838
12314
39940
25620
1253
22002
2301
29909
48443
38715
5179
47705
33958
33854
44822
2827
20726
24121
51145
23014
20815
10094
48297
39538
32311
35358
26088
41071
20708
5661
20424
25017
36914
21971
48974
39813
24198
36029
12672
2994
12211
15671
26189
32237
12416
32209
26451
33785
1403
32780
48593
51075
30452
33016
30124
31168
31893
30166
30532
29390
29768
30691
28617
193041481
30177
29198
29848
29607
29809
29919
29882
29255
1167
6709
7701
8150
32271
32330
32377
244
47745
50578
26175
22705
3147
11141
30968
43139
4989
19025
40997
25995
35928
22224
7060
44427
13597
41951
30469
46172
98
44590
25749
23927
29042
26112
36945
14045
49714
36018
42122
23806
42507
23376
7063
7895
38619
12919
4993
23810
25163
27342
13054
26677
2098
33173
20387
47618
47619
47620
18895
5542
5530
5531
5532
5533
5534
5535
5536
5537
5538
5539
5540
5541
32238
50585
43730
44353
12128
38172
40718
14301
17241
4613
35684
5622
10379
32067
33218
22709
25825
51712
33453
119
5783
5784
5785
5787
5788
11980
33123
24187
40953
24569
44534
13716
37688
23797
21492
10876
10871
10872
10873
10874
10875
23439
40316
18614
225
40269
43393
30095
123
545
33559
532
33878
23785
4209
20729
22595
32413
41403
1680
6218
26673
41090
21892
4745
49634
49635
24282
50540
19223
46623
10211
36789
38110
23227
14513
29766
18529
24991
47525
22843
28703
31265
11148
43380
26728
16566
10124
10359
13110
10123
10468
16567
35859
10059
10432
42437
26041
27567
22234
21432
5074
42837
39593
25356
21663
16741
22202
21953
36481
48020
48021
48022
30642
16099
3832
3833
29315
2329
751
24132
18079
38255
17189
28237
34308
32922
32895
36601
23859
6864
48228
33393
36853
18678
27587
45447
26678
14978
3148
44384
41591
52070
26631
761
21219
33091
16085
15966
23074
1329
46547
25144
29693
2279
38661
2193
22906
27187
1820
49267
38064
21715
51715
43084
35294
20914
28657
39358
38291
38292
42227
26704
22267
3669
41711
15591
38592
1950
38181
35240
35392
40180
32833
27225
35377
32242
3938
3935
3936
3937
5577
5572
5573
5574
5575
5576
31215
30816
25684
22544
43147
25870
21345
25032
28073
33500
32288
29774
32420
33773
2857
5228
13454
12876
21380
42142
27374
43083
24599
31364
1087
366
1156
51209
25129
36574
47431
47432
47433
860
28493
19390
36089
48997
44223
2642
32828
48095
12151
7047
4539
32619
50497
12609
19471
16662
51498
12370
19945
11514
11758
15156
45822
22059
11197
27856
31399
19498
4922
5571
5561
5562
5563
5564
5565
5566
5567
5568
5569
5570
22774
34270
41422
42462
16241
25623
33789
33487
2432
3409
32102
25985
2389
4748
13314
749
8158
36699
917
47290
547
34616
6627
34882
34883
47696
4558
38254
11231
12249
15903
40764
27338
40105
44716
43940
27584
41847
43455
37056
43021
38897
4605
46405
34902
45492
41206
25021
28625
36134
6382
46650
26989
51494
15583
31094
5949
46960
269
85
33942
3096
25893
1957
17100
39786
51898
4460
4453
4454
4455
4456
4457
4458
4459
39547
10226
2818
1430
292
19967
7074
23311
13912
11478
32864
33407
5156
30932
21321
33911
41288
43542
21304
23449
34592
13556
40792
41462
29240
33928
3733
32105
33728
17698
46123
20529
28643
10064
17844
21450
27920
28892
18951
10928
21451
2145
2761
48147
35178
25384
48277
28381
41889
30542
7037
4205
45022
42459
17469
9955
13470
26497
23683
25358
33232
38560
17603
39870
28728
39020
40254
39262
29446
7179
44445
46762
44780
6569
22128
44954
15275
13437
15667
17598
16343
20807
31836
18022
10317
43907
14546
30471
6853
35356
34605
44804
44808
34728
27923
41831
34805
10723
45577
21117
25510
31387
20821
6432
1261
8441
36420
37966
12100
51601
10756
11765
4246
6801
35930
51842
2453
28554
23930
42254
356
28644
30319
24724
16692
32866
22527
36611
10380
37670
50969
10902
51735
18496
21109
31929
32551
11223
36199
39871
42057
35858
48377
40586
10048
50157
23894
25762
33391
51973
51962
12204
12123
1764
35362
1920
48537
35090
5947
50586
29130
47128
18990
19167
43872
16634
5834
50800
33261
27323
51847
34165
47280
51361
9362
10621
10516
42710
32664
2424
25472
17863
271
11860
4789
32668
38835
30329
13833
43399
11547
32517
2842
51539
21748
9925
32390
25542
3245
21887
26687
40484
38992
42519
50256
23130
27611
4979
43190
29155
43125
35385
22233
41777
1023
23762
7890
24567
32881
30454
44385
19041
401
47426
22270
15348
23371
24793
22568
37464
16371
24389
51499
23916
21960
29391
21299
21719
36846
40974
21636
12203
45070
39799
47553
45990
43569
28652
14882
17151
9899
48124
17614
19853
42133
2795
11185
21106
11909
50988
13667
19288
17220
18445
38826
41846
28460
24078
24450
27525
7006
49459
38115
34962
25461
30639
27449
35491
45098
19459
4526
37252
49657
47348
33390
36196
19070
16249
5977
41741
25014
46909
45476
15168
44914
16046
21039
2450
784
51437
29386
10111
41348
6904
6108
37485
2191
12526
13859
26540
6338
25798
37487
20208
22991
6827
18952
22674
11469
31487
46477
48947
38300
48467
32057
44190
50394
50284
17965
22332
27436
19472
25923
33498
9990
21292
37907
11978
51538
21040
22579
51320
23592
51662
12206
22433
21988
23516
12024
31380
32077
34944
37335
48720
36133
15596
41681
4709
34894
6058
31306
51241
50186
19066
43234
49165
18441
31699
32339
25026
31964
13178
45412
32398
19706
31106
40541
35206
4784
44637
20979
33950
2171
40913
11213
44387
16121
47047
32076
44256
21293
12336
2391
39056
27993
41514
14305
16608
19874
42800
1809
43731
39732
11156
50553
42804
29792
14175
23944
22273
45926
49935
51436
10324
18599
18648
10372
37533
15743
311
19565
20133
17096
20134
5732
17878
17097
20309
18421
17095
19555
16956
16982
1885
1886
2308
43886
21301
1343
10911
9628
9626
27363
2675
16553
10449
746
34978
21294
41737
49767
24005
352
51167
23030
11987
18758
34142
48756
28357
38319
33842
6953
33040
49915
14575
45721
41598
6952
24707
3818
33187
19398
36705
38357
12798
8576
2178
42555
20953
17564
18409
23001
46600
36421
34576
19697
35828
22497
2777
1204
49320
19929
10422
5155
34121
9762
23989
42362
11323
43994
12564
31758
41471
30664
18154
30431
9794
48773
11690
31247
40619
1608
13946
25966
20832
15133
36838
42623
33343
50253
41919
8382
36241
32716
19942
24310
21888
19489
4366
19500
44257
19708
5195
39781
24337
3792
13982
6718
3240
3280
5738
6020
34166
26549
28857
1965
23765
29047
40563
27629
28935
1235
25484
27174
19353
38228
36030
35810
32042
6015
20291
21453
48745
41222
30713
47738
12127
11191
11181
18622
2186
18469
34333
9993
41905
15527
25572
44487
43267
18352
34813
38958
24277
33146
25427
16666
34317
23560
23528
30312
2465
14361
10007
10832
6299
6296
6297
6298
33012
40850
37015
33544
38714
20896
51913
43151
26327
9310
4493
12495
5872
4592
23986
16752
5349
34892
6436
32876
1424
5897
12461
399
32427
6023
21216
1969
7125
1854
589
43429
12281
39850
35577
34247
2451
51137
26244
18970
37250
52154
37178
31723
15258
6346
7146
7152
31091
37102
29962
6005
4491
4489
4490
35862
46592
26761
32160
51255
18217
1476
23506
37591
29902
25045
21302
29568
51657
6012
38949
40259
37121
36707
8577
8674
13960
50856
23889
21458
23742
51141
36732
25415
21720
171
1580
16585
26892
23262
3712
20117
24324
22120
32837
31813
38460
11395
18394
23108
49680
23955
30629
9605
12895
234
2142
26164
34549
25408
1711
7065
40476
50324
46548
26550
10736
12680
15534
14527
22162
44939
21583
3321
16077
7026
11592
10981
25309
21764
25969
43514
26070
24805
38871
33030
717
29071
11752
22463
18701
22665
40984
14687
3671
21226
21997
10728
38573
32085
12683
1940
44818
20200
20516
20251
32455
27612
10735
22519
23569
27615
15552
34665
40650
17770
35397
47333
41894
39375
14534
14646
26857
28309
34468
39400
1354
41190
37820
1828
36433
21507
21908
19202
16310
23303
10830
22886
33657
1599
3953
3947
3948
3949
3950
3951
3952
32885
22875
26191
11896
27732
9862
19916
30558
30261
5986
23070
41020
41021
41022
22942
2635
43844
22661
9296
9798
9881
10462
10799
11364
11889
12180
12398
30736
9855
21249
32212
35201
32198
14332
28264
48354
26543
17913
13567
2769
5482
5473
5474
5475
5476
5477
5478
5479
5480
5481
29207
10868
3292
2414
855
2095
241
2046
30006
33061
15798
34591
46582
19802
12793
19111
31879
37263
18207
29149
32685
44903
44902
44901
31208
31686
28924
2708
6743
27741
1954
22696
11882
2784
8155
25750
27453
30712
16355
24985
33145
15992
37448
17888
23352
51082
24349
32114
40511
32678
34663
51148
13072
28922
29632
3374
3090
5600
3254
4500
4499
35447
34255
11890
40585
38860
35008
37118
26090
2277
2278
51651
6059
19405
44881
40354
11654
12278
32060
178
32243
51305
3766
3762
3763
3764
3765
18149
45452
40337
28574
41712
16576
31652
4041
3990
3986
3987
3988
3989
34935
41565
5261
40151
50774
31932
18103
18873
28327
41418
17938
24949
47633
14545
31005
35526
13162
35974
52077
16896
44311
21295
6380
26755
3241
33110
16194
5176
36041
3967
3963
3964
3965
3966
29672
29458
28820
37624
1613
35531
3259
48824
15763
22838
24540
23191
51924
39729
1749
24103
50793
3619
4268
1856
6165
1723
11337
47084
47085
47086
394
17026
39106
42901
22154
1466
681
45819
2858
31640
24513
2554
42363
24399
43281
18318
22318
1999
26911
7867
44061
18859
18632
2075
21846
24916
23382
23789
22208
49683
1757
49442
11997
23799
36808
36809
36810
51570
8444
32712
22526
31406
32889
26751
20524
25234
6201
6195
6196
6197
6198
6199
48828
28961
12125
37544
31561
3602
39566
24879
19351
5262
41447
45477
6814
34537
48068
21297
31472
36758
44465
2085
6847
3281
32217
51866
10340
157
39484
30333
10220
14859
10794
31257
51938
51936
51937
25658
30137
36157
36158
47683
18687
27949
49188
18688
208
36759
28999
30668
44770
37826
37467
1157
45276
24064
10318
40721
40722
41259
41261
41262
41260
37871
22357
50225
34552
19709
4586
16799
45512
1693
45546
36366
19007
7469
35168
16742
51925
587
2438
42529
45491
5121
47825
4721
50491
12102
22277
44348
32822
18916
25094
48265
29849
23036
41628
12776
22431
41661
12774
12775
10045
10319
48655
50070
6714
50323
49190
32331
32440
50661
41753
50400
50309
50960
32542
41718
52095
42250
50635
50259
50217
41715
41896
32341
32342
30394
26160
28654
29859
19016
28861
24033
34347
36377
13889
27922
14133
48505
48315
766
29128
2291
27930
17617
20384
15123
23741
7057
43119
25486
25031
5874
4794
10892
51663
11626
37698
1602
36302
45964
20260
32686
18949
49304
47256
24285
51247
24054
12520
32705
23922
41137
19691
30773
17842
12239
1703
30234
1081
45618
14902
27631
42353
238
19102
28125
32880
32726
29643
30187
51767
29876
28346
19754
22757
11167
6616
29680
21726
32531
15985
34017
11482
24210
25334
47597
34558
51628
51629
51630
33790
50998
9665
38635
50688
39176
2815
4309
37598
3264
40103
19772
4303
921
31976
21863
1665
2748
23418
25728
27437
22714
10781
502
15242
40968
24544
22276
3044
24091
17141
25603
44249
7630
28628
40829
2286
31754
21303
43080
49762
11976
11971
11972
11973
11974
11975
24821
29824
4470
4465
4466
4467
4468
4469
37973
37974
37975
16101
33217
33216
1026
2024
18398
16969
28351
21399
21455
48226
37284
32372
32241
16255
2065
33926
41410
32374
31556
13168
51848
50505
50275
50816
50431
27909
19554
23541
41827
41879
41866
21459
21942
21306
6426
12819
12807
12806
38471
12051
34002
18981
4992
17146
50281
14744
34535
21727
46978
25485
35769
35057
35058
47003
32040
32672
11481
32711
38510
46701
29384
30251
24150
31496
17785
28757
49460
22623
19818
46871
12210
5747
15695
45554
51782
15223
35548
7183
27434
19981
22883
1415
48648
10720
18667
5764
3166
44486
40762
40719
29940
43620
25444
1203
33873
821
1411
44220
43985
9663
33722
28856
36282
43054
43053
43052
2433
2462
43344
43153
13218
6260
6256
6257
6258
6259
996
4282
13898
51740
51074
45613
21333
2549
32710
50138
35818
51509
42035
1182
6352
2374
12684
45260
39170
22566
420
32310
41117
40300
7479
30088
13753
5629
33530
38555
16091
41558
15653
44670
44782
45417
45174
32606
26389
32577
36103
36236
36359
28805
52148
32556
25630
28221
14671
36623
18891
3703
37976
20699
25396
10320
48951
16383
19247
41671
10791
42222
43041
51363
30063
19451
31528
32181
24554
14785
46366
3315
5306
24124
24283
39924
28697
30305
345
45839
10150
34761
25779
10321
34493
3364
18708
50914
1288
270
35187
29875
16348
1458
5651
856
1439
29193
51668
47010
39130
7052
12440
2179
11691
5269
530
21187
51353
34427
25307
13260
47896
1925
2318
2551
23148
20243
34545
13539
29439
6734
21847
35918
10568
2814
32436
25661
20569
51478
43120
28689
47905
945
43095
44691
21729
14449
36724
22243
28027
29851
5901
4235
4236
23301
31426
24085
33642
50876
26521
20231
32641
33143
12086
17028
26358
51475
3322
30193
30973
12159
23011
2799
9617
4597
37770
33007
31924
37398
49283
21670
40116
19484
23183
25513
45907
15486
50877
16112
23440
13215
5982
17467
46913
24101
2726
38567
3091
27595
21917
35846
30428
12581
7153
23012
48730
28022
1752
32819
32117
23005
1927
1928
36642
2855
1327
26258
13573
11900
23783
27423
15424
46317
16008
52019
31180
16345
48357
45804
17496
48356
14379
14910
32225
6440
32103
22819
32163
14875
9963
46010
14488
14566
14909
18058
38353
46540
14874
46188
2696
45944
23017
47524
16798
10943
21932
26789
36877
18309
11290
17226
158
453
41646
24347
38553
16630
28215
4226
51267
50959
38305
7926
34794
17034
49370
760
24096
12859
18280
46923
334
29146
47991
7112
1971
2721
12083
10436
23126
26952
22358
35541
21730
21452
20462
7649
36390
28932
23328
12207
13234
6850
14409
42230
4517
21118
14169
36007
36010
15550
35364
11660
19834
12104
37775
7614
23997
2534
1715
38196
26019
1598
4434
4427
4428
4429
4430
4431
4432
4433
1639
6053
17891
16676
51883
13201
20018
20185
857
39202
19365
2052
17507
17521
28812
21644
36998
19806
12763
8525
8526
8527
8528
4297
25892
31937
32988
20833
40607
22346
21388
31661
30759
30902
49400
40970
25283
1044
1892
27223
31642
343
38025
13494
25322
48545
31128
11556
19957
6461
1737
42329
32407
32826
22745
44129
39167
18824
38252
25838
9780
20236
51749
52130
52143
33887
27321
39560
24664
10564
39752
26399
14916
34956
24714
47178
43212
30834
27200
25555
33312
24566
36360
18896
50566
493
7761
45201
14543
21632
11477
15607
46150
34593
48897
15143
16247
24935
47430
350
51922
6757
7085
374
27261
27794
50479
16002
5873
45104
39906
23408
107
4492
51799
13011
29485
26234
15704
40114
35618
23492
37493
12303
11655
38733
33221
1237
12264
30723
47935
985
46170
14755
43287
25468
20748
32389
25743
21310
35892
23277
30901
32724
32222
31970
40882
35571
5229
31922
3363
37929
11720
12403
45450
25446
16853
37559
27169
51704
1649
38038
27154
39194
23698
32432
24582
30379
52113
49713
13332
4324
6168
18442
30337
25948
14188
51634
40821
18803
34306
20995
23380
47165
21202
21731
39801
11639
3803
8299
35902
24723
1367
43937
42740
10561
4587
1724
23416
50257
26951
37006
21307
30496
27343
1159
38968
33220
21308
49525
15610
44018
32281
43235
35775
16369
12417
50255
21309
17314
778
17126
23006
21270
25497
6987
2770
6418
26122
5632
31786
29001
33196
13017
2684
4353
4994
3526
33296
27908
29936
14253
21119
23664
4368
26924
97
201
49186
37668
6160
14628
28453
21690
2793
25978
18902
43498
43499
27373
33167
43898
49732
18057
46178
4703
46769
44195
6425
24376
50597
32734
45680
19114
16554
17806
27499
22072
35334
49249
15186
11938
15164
12851
38488
11278
39745
20991
25980
34678
10570
42728
28520
36593
46500
36682
49987
29487
32293
44963
21136
32025
32567
11166
28679
38670
31785
47372
20791
21979
37723
37724
32735
20612
21732
13979
34415
38911
14748
23805
42130
47974
22186
38792
24105
36904
20730
35972
39995
21614
3424
42050
12452
21069
23697
19695
23587
44717
16231
16094
25058
23214
3702
2794
51852
25884
29181
37021
50983
35703
831
12952
19478
20070
31019
12662
50590
15655
29598
28878
5254
12932
21773
40357
34104
11187
1069
16726
39748
38948
24252
48473
48472
48471
40692
33185
2860
6057
28589
31870
335
31804
43424
17349
19601
15977
19592
47966
48848
48849
42358
42099
84
41445
42324
20075
42943
41802
42307
18886
43855
11115
22424
19867
38429
41996
39433
22571
42049
19502
22265
38610
10904
22874
21958
35127
19402
25316
40262
13010
21554
25991
21132
12808
6958
49638
9854
1573
12405
34550
35601
2773
38331
38332
24631
23505
111
38198
4067
3537
21795
30094
21594
23763
21461
26732
30338
31160
15958
21868
11417
8457
51335
45172
32126
45107
30278
4296
41926
23179
22316
12345
35401
11315
33883
5730
4593
45687
26644
35368
10562
11565
31008
21108
37149
40454
428
10944
11608
51758
44630
9607
14964
14578
22565
48821
6102
34232
45322
51939
3980
3976
3977
3978
3979
11581
36026
22530
20638
21404
2544
37672
38277
18759
17881
27337
17820
44278
35980
39821
18612
2079
16558
18093
38168
6907
9312
20259
32084
25473
12419
38411
10330
35282
42653
29596
29595
2392
5340
38108
11504
34543
41651
41627
30374
27916
36855
36336
40614
33058
47342
2385
5956
4905
1873
21627
31798
1200
8166
8167
8168
8169
8170
38489
15864
35023
2989
50981
31956
18778
15689
23384
10025
8736
23648
4062
789
1475
7087
41828
30596
24073
23571
49529
31680
18105
18259
11667
39115
34611
48260
12765
21664
18588
22317
6454
29578
810
3718
23013
44536
19256
39596
21771
39641
32560
13758
3985
3981
3982
3983
3984
34506
32009
27711
32442
12608
26795
37010
37025
28982
35076
34395
39485
6995
39769
9629
22132
19348
20419
22211
21311
40504
581
35077
19140
37800
26345
38018
45659
40403
25872
42556
42914
15315
1195
3243
5438
16699
961
39868
9398
35672
33833
27987
22292
21312
29916
562
1389
42521
28567
23489
7756
14465
45416
4585
4653
34700
42664
49504
41549
46883
1422
6488
16016
41870
30826
42426
16638
17199
36599
22308
19356
45870
23882
5149
25917
23192
46503
3191
30140
7055
23223
29963
19909
938
10563
28565
22144
42754
359
12836
37877
45278
21428
17765
14068
24394
51597
50518
23295
17988
20474
20471
17811
20405
20341
45989
5404
50105
20472
20342
9901
6858
4940
15344
20473
51697
51278
49339
30022
20197
20963
14883
27346
51701
35820
26018
46787
24237
5142
18109
45682
1400
41170
13497
38307
2357
34865
38654
42905
42906
42907
10593
17952
18405
29295
47854
37046
24246
45557
5871
44091
50842
942
559
11635
18801
16907
6446
32052
40702
48622
347
2719
2693
23028
15733
26034
45919
11027
2591
40321
40921
42396
38170
15727
29205
42408
10984
29194
23643
34831
41456
43374
35162
604
829
23010
46460
24247
10066
36341
14574
5606
16811
51358
10093
39556
41228
41229
37750
5163
32329
43037
17084
2590
5999
5355
5353
5354
16303
35196
35784
47554
18582
46814
18646
49772
26109
29829
33304
13530
12052
14249
6360
22191
41765
2547
4790
6326
39757
35017
50889
35029
14714
17597
23414
45547
29720
17145
21963
34868
30764
31681
7180
21817
51546
30308
36583
28180
32571
32572
34378
764
31866
10063
26098
29206
40487
3705
38564
42771
32053
21392
13355
19310
43934
24520
3067
26855
38343
28725
33512
5169
786
18609
6401
32931
7684
432983
33452
25093
36516
32943
33104
33115
33116
33092
49776
50319
50679
52164
33070
33046
33071
33078
33054
33010
33025
33037
32999
32961
32970
32957
48556
48646
49100
48506
33147
33169
33161
33181
33136
33140
33126
45329
45337
45196
29087
44595
28261
50545
28246
44596
28250
28347
44925
28353
28362
28344
44597
28313
51723
44650
28300
48289
29043
48324
29050
47729
29016
47699
44943
28404
47684
28186
28196
28213
43474
28185
49886
29180
29200
29238
29174
49178
49213
29148
49138
29134
5006
9791
46402
21066
5642
37325
36409
45281
34857
13801
30086
50760
6572
14731
43168
23536
14195
44397
9956
12847
24528
32928
2287
18450
51755
30307
33772
27601
19136
22087
12803
7892
30885
4595
219
526
23448
28454
5099
13094
1725
17390
15159
2601
31676
14368
26094
25589
45136
46833
5674
2271
50858
1448
46409
20781
38626
15443
25028
5140
49822
39254
17798321788
34365
44633
33103
13071
23106
36876
32496
42015
4281
51085
12779
410
27013
44632
37699
14219
31644
5833
33251
21393
5124
19771
15432
29363
46121
32591
51948
39411
39412
39413
31873
51815
3476
28517
18182
43325
6162
4005
46363
27075
20127
32469
904
35727
35901
1262
32
48337
41000
35142
50169
776
26259
1291
4265
36956
47988
677
51097
38571
15616
1908
41093
33285
33055
5896
43373
47483
26973
48197
48198
48199
15538
29699
9311
16890
24397
10978
25043
29866
5870
29642
7893
40241
14098
34194
29865
30330
6591
32229
21540
33680
20519
41700
18051
10658
40620
4903
47972
48018
48019
32520
24826
34218
5259
13091
16918
11738
11310
37105
1679
4400
11470
23633
2393
15934
14396
15651
19259
2350
51979
30873
43727
39787
15900
48513
12160
2326
17259
6128
39136
42429
43538
31900
32292
32605
2643
6593
23884
35074
23556
34190
14533
32213
30468
32811
809
14280
18907
25647
28098
24918
21667
24410
28566
36347
17138
45521
10149
35616
36648
32890
10126
4594
4629
29599
3492
14089
9826
10782
23694
31692
5499
5494
5495
5496
5497
5498
49671
25405
17892
1683
13424
22840
26125
34691
36711
22703
36148
38234
2546
24660
36105
36629
30436
26156
39067
33478
19824
51949
3837
25742
37268
50928
29168
44299
31217
19068
44746
5314
284
77
36721
39806
26862
973
2891
2946
43364
16308
23923
20106
19197
23653
44155
14723
23208
38279
28204
46893
25492
3131
25453
23173
23057
50902
51931
26210
50818
20513
3250
38887
18989
33314
21949
43162
6485
15712
47548
32403
50179
48589
9864
26950
15585
35891
16049
32204
9604
9603
41232
21738
18641
2728
20258
25270
21739
27907
3782
51433
11120
21465
28387
11476
28337
48461
10538
6308
5436
51330
2694
35866
6855
29676
15078
3140
849
16283
34105
37622
36368
31009
5351
15219
41002
14145
27375
28379
44286
22247
51752
28451
13929
30034
25822
22882
28763
2399
4038
18538
26741
6650
39330
43133
25567
15454
38171
37919
49591
1472
37172
37173
37174
2180
29561
37515
33392
26111
20901
24014
36342
28459
6915
34467
24521
40330
11030
16382
2363
25810
27958
43816
30365
40467
337
31209
7128
17113
35909
606
23339
22205
3756
38098
28037
30971
15470
39728
47434
17718
31223
4792
15965
36674
37726
42276
20292
27454
4540
4378
21313
41050
51908
1857
38477
16870
38881
5987
22334
40527
34574
16129
18658
23004
6694
38062
21401
51650
5165
2903
13933
28235
33704
33705
33753
42829
51974
17011
24698
36189
41530
23142
48336
46597
2083
17615
18668
5748
51184
28608
32272
40111
32088
23931
33980
37081
45441
48108
29705
32845
32846
10577
45537
481
5587
5584
5585
5586
22310
25672
31607
1144
32853
2310
6027
13526
23149
6582
7044
32638
33643
13183
29304
44622
12442
15608
47006
35576
3797
36934
41420
43353
21387
25059
5551
5543
5544
5545
5546
5547
5548
5549
5550
7884
40479
42874
39795
43067
39616
30627
45103
28724
18349
23386
37253
12126
24926
25424
24509
47992
43862
35072
28931
46098
35254
29038
13243
5828
39832
6893
3785
10539
17045
40631
19419
21466
40430
30037
4249
39847
25483
21705
9787
23365
35203
48998
15769
32894
4603
23503
24547
50654
13984
35852
19362
4307
38406
18720
19084
29861
7071
40594
33903
32912
37251
34683
20154
46454
29455
14273
40996
36907
12352
34358
24426
31763
29311
2892
19486
39629
29994
11859
46967
20525
14206
1629
29828
15774
49749
329
20988
25813
32470
6715
18400
9812
15422
38710
41650
31996
23634
27934
26782
9799
51210
34628
4606
40418
39192
39193
25834
46228
42772
29195
28437
24921
49597
82
39461
22904
35796
23591
5090
20009
25302
46205
20351
7865
2786
45288
34423
11058
23375
45652
37256
43334
46588
20320
40396
19877
33082
44671
11105
32334
20354
30927
49838
24767
45582
16215
44523
44522
44521
10729
48861
41708
46289
47399
45443
45720
45690
4796
31396
30958
6121
22670
21549
32732
5670
3971
16771
3968
3969
3970
13896
14669
21386
759
51605
29945
40908
4945
19015
5971
1260
17790
20230
35593
37243
16005
33976
42069
33567
23069
22998
23266
23278
32312
2483
5719
5601
32144
35853
4018
29337
33048
15991
24470
21742
13261
43128
35307
44433
50438
9865
51027
43280
4233
538
43425
21743
2695
37514
11007
31099
41191
9300
28988
3474
17886
20357
20358
1161
27211
20862
15837
36414
5898
50104
30074
33853
26953
37476
44123
15382
26003
18513
10618
2778
39891
42236
16448
23996
27001
26711
3633
43419
43141
37043
20533
30974
5695
11357
5677
35359
49519
24061
32044
14608
41754
52068
26560
31716
28110
47563
12189
10535
15779
45743
16933
22667
34474
47646
41803
36502
11004
39231
40127
43326
12823
28642
10579
25095
528
1036
32926
47391
33564
3615
40014
11643
24446
23273
33277
47166
6254
41177
21815
24806
22737
50000
2351
15247
2525
26867
36663
34539
34540
34541
34542
31470
33192
41817
43230
40951
40915
40940
40928
40963
40936
47428
13905
49109
49222
49961
22321
50312
34425
13882
18478
10134
30463
29987
21084
29544
27079
3678
12260
34679
46313
15387
3499
35519
9611
9609
3793
32047
33162
33163
33164
30218
5472
5467
5468
5469
5470
5471
51245
5796
5902
23405
35910
25691
19225
21857
15796
36365
11699
11700
11750
12647
12592
1437
22589
51053
153
46699
27986
18926
26527
14331
15573
37788
36937
17982
24241
39922
27824
50719
22274
17085
23127
51738
23367
50107
44680
106
27665
49809
34282
33118
440
33270
4958
42423
40465
21048
41641
2781
32488
34414
47695
20491
1267
10224
24460
48325
33569
17053
20399
21759
19512
40883
20307
47338
42812
50607
50886
5008
40525
44819
44266
23795
14263
48501
10084
9931
10792
11503
50093
12152
29142
32521
32346
6860
7510
7658
1606
4746
38199
16040
5980
45974
22000
24350
14110
19651
2068
34959
23924
30980
421
40691
29764
22057
30291
20994
26985
5341
3427
2226
35555
41579
12527
11719
17961
13532
14034
21865
36462
22396
22660
1442
36631
36632
36633
39794
18498
36816
4923
33867
42862
36443
34609
22735
6066
16196
21314
2166
34948
14457
43158
39162
41729
49520
39453
15029
16946
47775
49227
10360
37244
43999
13992
21652
33133
20444
7120
45802
32287
44316
47030
51002
51493
29744
1210
3957
3954
3955
3956
26386
24832
42859
2749
38777
286
45320
26928
12789
31274
1386
37627
23441
24155
4051
32882
13501
34515
42491
42492
42493
15228
4659
10337
19204
44982
26165
6479
34138
13823
45648
18145
13782
946
44115
10006
48698
1710
1428
2029
4954
38989
1188
23946
3550
39968
14414
47685
33008
41534
19507
35564
23242
187631188
49098
42479
33583
16397
30437
1308
31420
8600
1565
18800
44514
30649
25710
33579
50753
36244
49494
17750
11501
46458
28522
49111
5709
1266
20198
23287
30792
452
22877
22878
41962
38718
12205
49294
373
15108
16507
888
14323
4955
27392
40500
17978
37858
40959
8389
8140
16403
32959
22916
24251
20650
26149
47226
20242
20059
34003
13542
37606
34100
21510
50490
20249
14118
2599
51177
48908
45910
20496
28483
3478
49220
9756
9757
9758
9759
9760
9761
23329
881
1252
43793
12835
51915
15841
13723
35638
50964
31943
48752
49272
35821
25827
50440
135
48731
48732
48733
48734
48735
4616
29675
31286
24275
32069
30442
26344
34647
1941
32592
43130
41356
41988
15244
14697
51362
16006
12758
11047
21513
520
35736
14571
1904
34318
46755
9940
876
21695
10665
8472
33537
29889
5777
3047
37899
15455
12904
37347
29698
48621
4670
44592
21928
34280
1095
25205
40343
1640
47527
20112
44991
35765
48319
45386
44862
45457
48478
7171
36445
26002
1385
48296
1620
50993
30493
17681
14530
26945
15840
26185
14509
14524
14842
16124
19032
19093
29395
31365
31946
37946
29158
29575
18885
25030
22250
24851
26348
10076
6340
34313
19990
19063
32581
51073
43807
17824
25466
25959
30142
21948
22365
20723
6662
45064
963
27239
36333
15660
20561
45536
11257
43387
33522
34830
33521
33523
33517
51820
31521
38844
18137
44803
25481
25507
40647
43039
36053
21497
36052
28846
40806
40656
3103
13778
49579
479
25772
26487
4538
19988
30555
2788
6002
22196
33465
36015
47995
28716
23869
35983
46958
1630
20929
45239
33352
45666
40856
48862
43248
20080
24711
49686
16390
14202
33775
35047
10466
5960
17616
22896
37219
30686
35126
40621
22195
48174
23399
24489
25519
31837
514
37106
23451
33273
12081
24956
14907
42803
51067
33264
12194
16517
28234
2521
4625
38474
41297
45495
23327
34724
25887
9816
15167
45792
42268
30170
35819
20121
23892
24928
32132
2714
39019
1918
2730
42176
46286
25439
624
15222
29457
773
11055
5658
38470
8941
39984
40295
14021
4482
4477
4478
4479
4480
4481
30092
20418
29466
41464
32185
49462
35117
27504
17460
840
24181
24574
22712
2429
35034
13159
10599
6813
37466
4506
23274
28645
36324
43640
43266
30029
35443
33305
37170
37171
7835
3693
8081
2710
35300
29028
1943
19855
18729
43019
20532
3829
38657
42284
1212
36079
5700
29868
11640
45598
3530
26135
9851
13414
15851
3709
42831
48884
49090
35966
4607
27445
710
49553
28925
49787
5964
9786
15473
32078
33380
4948
22376
12015
33989
5970
32093
17666
27643
51642
37619
7691
24873
24874
24875
24876
24877
24878
18248
36800
43245
26083
15280
40682
32357
40683
21870
40961
35717
34305
46602
16803
5754
1579
41564
40199
39359
30247
27811
15587
11610
27575
2413
3995
3991
3992
3993
3994
19703
7813
4518
1357
18547
4946
35367
50995
11584
29242
26482
17885
39383
48894
4788
4694
51194
11473
16253
20737
31719
26538
44080
31386
1829
10142
447
11280
39125
33683
5080
17530
966
37954
32336
543
2809
1454
2713
33779
27425
1758
20863
51311
24119
26695
34527
13803
33761
27888
10393
37363
46160
7095
993
7127
28084
40064
44774
50899
23512
40797
33240
49361
1718
33028
20512
1586
20892
21397
50936
24955
40158
40159
40160
10572
32764
19660
468
6578
24584
51050
141
10404
33985
18933
4680
51762
5758
5953
33619
14348
13980
13728
48549
7045
34355
23132
11681
21379
29387
31831
13720
13721
11697
40006
40053
40054
24828
24335
39865
26024
5560
5552
5553
5554
5555
5556
5557
5558
5559
515
25406
31540
33609
6945
4383
10202
48818
23251
134
1690
3451
4344
13916
14018
20572
18010
43058
16100
15182
41524
33924
30100
20305
42079
39709
39498
36591
4057
4058
18035
26057
36851
37176
36906
22071
23644
36823
36325
27985
51686
23531
15072
5352
5271
39772
16836
34499
21477
41964
46269
32142
39857
21468
3149
35338
12669
20383
4626
15738
51125
14854
29735
22110
4392
968
9835
1056
11252
1274
24641
2032
13290
21750
31236
2185
16357
6824
2153
33300
43131
15571
14475
20201
2473
50198
15954
49957
26517
41097
23190
22532
21876
5660
22225
24578
31510
11143
24742
13034
50854
21431
22041
40405
40406
40407
43808
19644
20744
40366
24235
11161
36507
16720
34757
32905
42562
17601
21320
1811
986
35608
1412
21552
864
13931
50441
40455
27383
31327
27661
27523
23432
29704
27722
11574
22754
5702
25922
4571
311949
38008
32748
40659
4050
39132
15238
39758
15600
10785
35290
35291
35278
43117
2194
3727
32425
14520
37710
24126
14054
34732
46358
33244
48375
16902
29577
37981
41328
34597
189511548
27699
14640
14766
30199
165
22290
41250
22596
44074
27393
28094
37328
18052
50999
22867
51833
42014
40926
39936
18686
12963
12964
16540
1277
29751
31689
17826
39122
16438
42092
842
41256
25305
43437
14521
19190
21354
22482
23757
1557
50369
35259
1985
10744
36211
36406
24370
10519
20078
43811
27813
344
3472
27438
23627
28333
51713
5200
28518
9504
1730
2072
19257
23188
5869
1842
6253
6250
6251
6252
11003
32579
145
21355
11043
22810
36875
31703
37339
38112
10586
7423
15300
16730
24937
45651
39692
39377
39693
45963
46537
42870
17133
38978
41275
41276
11243
24779
13337
17801
46404
37471
19648
20659
44081
36760
28682
26616
26620
26619
26618
26617
11053
28156
50603
42498
42496
42499
38679
12453
15525
47771
47772
47773
16347
13740
39111
39878
39879
37963
28743
3266
361
362
13432
15979
30970
16993
39824
14610
6075
28996
44319
40431
40432
40433
40666
12908
36399
23210
35686
5309
6903
10429
24000
35504
25919
41286
16150
23357
33977
5187
15230
30966
31997
1621
22244
22995
22844
40735
10322
41355
41604
3699
40142
35337
40129
3491
38099
13461
23246
23187
31370
12256
48815
1457
39345
52002
21910
40608
29657
24750
30041
15
2701
2489
7191
43358
31529
1482
30311
6765
3320
41374
41375
41376
39778
39820
40083
48626
48379
22214
36736
36733
36684
36717
20632
36230
24903
32453
18665
17789
28111
33051
14425
24952
29220
17415
30318
45432
48254
26569
1983
49414
34338
3946
3943
3944
3945
4071
48641
3926
3923
3924
3925
32618
23184
26995
1848
16733
50311
28203
19830
33024
222
4064
1089
10743
32484
2856
34852
23990
42226
32867
42093
20920
51449
45387
47485
321
21099
21122
12095
25769
34453
14241
11930
20141
33191
6404
23462
11099
49141
35457
22184
50276
18260
19851
15338
26733
17125
20438
51251
35783
2722
11085
39378
37346
39611
39552
39661
42967
512
41404
40566
26180
3635
3783
1387
21296
10540
5312
32965
37715
49001
15929
48517
17162
21286
39706
20877
46988
17250
14958
46220
41536
30727
42191
21980
40903
35728
42019
49746
50080
51127
46075
47901
47071
49695
47625
46257
48252
49937
50941
52138
47975
50533
52025
47179
48402
50975
48591
48524
49644
47087
47491
51343
49197
47788
39994
27447
37807
21471
14025
41339
41340
41341
43136
4714
17387
5963
3236
14060
30670
35436
3684
3681
3682
3683
45608
22537
13784
14684
23326
14779
20611
4224
47061
13340
2556
41125
22841
9806
20180
39018
11913
21553
6629
46441
33432
25070
47663
15511
45685
32719
12773
37882
28193
50496
39443
37324
12881
12234
44904
6054
23973
30848
47470
12197
47378
41329
41330
41331
23369
6194
6192
6193
34398
3716
35384
34587
867
1421
1416
41182
17772
32522
51059
5791
16957
30853
16373
43449
2597
560
39515
30439
39558
27702
42813
15380
1097
17775
4377
13073
28192
9967
50512
28952
41599
6494
42768
52101
21933
25470
912
24945
1419
27924
29500
43743
2129
2755
19403
12686
17866
29400
25763
24134
39482
37322
14659
29196
34814
242
1667
46284
15145
31728
11620
1761
41313
41314
41315
32877
21752
49509
31648
30017
28119
23068
21504
43624
22881
49484
14682
21036
19441
23059
12185
32923
2025
51310
2524
49903
18633
31765
6846
50388
38985
1628
28635
35543
16788
36220
37337
38861
38862
45684
20540
37390
49678
50113
50630
50768
44350
51004
39080
15181
41083
16823
20295
26310
7714
19810
51996
5304
27019
50613
6448
6602
35661
34932
34968
34933
30647
51830
51608
1685
30989
43904
36996
51308
10585
3135
27325
2792
23175
49350
36540
50011
47146
20740
48409
2503
15250
6607
6610
22083
44935
341
46140
16537
36005
50698
47874
42449
4347
18226
44731
1207
30110
51202
45497
12304
47307
25938
33554
48087
28366
30681
29571
45663
35248
24683
2691
6439
36202
36176
12610
3801
19562
3775
35037
20580
31519
41188
42533
37458
10848
46341
39716
30014
21356
44377
3787
6112
30800
6412
19076
19889
15355
46730
17967
30019
4293
21135
36203
46770
51079
28442
21472
43675
13967
46956
37673
41590
52089
32534
35478
52125
45751
22961
43697
34430
47571
21546
4339
41916
51834
18671
34240
30767
839
1375
15449
1709
33969
52009
51062
15825
3261
18577
12959
21557
25496
25746
26205
19014
22304
51101
967
18509
13970
15710
21357
36880
1245
9755
9750
9751
9752
9753
9754
14489
9909
24430
26429
12161
8897
27678
33872
49372
49913
2747
13844
11129
31701
29671
28524
25102
36531
27690
17356
31986
26396
15177
6295
6292
6293
6294
23162
11153
29272
40555
23874
44455
33226
25078
1438
2717
35807
17627
4682
49499
29139
35670
33664
30832
48599
26713
25928
14593
37168
4276
121
40246
32323
50896
26905
6191
6186
6187
6188
6189
6190
20853
19510
12150
38069
32410
32395
2021
51350
20091
35096
14492
51396
12494
600
35040
50872
51136
43916
1423
28463
11392
33927
50477
2610
43106
37781
15865
2037
30458
14762
19473
29290
30979
18346
41131
4996
39248
40675
39047
4053
49363
4215
13841
37360
4729
6730
30434
3616
10447
22291
12213
12215
10786
26528
16288
44739
47697
37327
50948
37660
11005
30035
4624
30228
25060
1353
43420
40689
21359
34246
351
3484
32582
28893
12094
11721
192111512
5962
51751
24259
22328
2417
48034
6909
38041
1850
20656
50850
49941
10234
31372
48990
36696
23215
33994
15592
35239
13799
20139
30129
5988
32382
43741
33871
3460
21360
4980
11582
32921
339
338
23513
23049
44224
25523
18423
36235
10049
10087
3267
29093
20345
24640
6506
43423
6941
6939
6940
2557
23379
48271
16981
2418
29492
5401
11082
15874
41475
31431
22320
23886
48290
46863
17497
22121
29512
730
46675
47529
47530
47531
10899
23139
31579
17964
26882
19445
4045
42214
48146
6468
21107
6410
31664
24313
27771
29646
32785
16908
19384
20187
50713
489
13776
23330
18575
50689
36723
15603
24202
32041
43971
29975
30728
39397
41489
15853
34710
4476
4471
4472
4473
4474
4475
2369
14313
32840
28933
31307
22958
27962
32541
32754
19656
19707
45914
36101
11513
36709
10780
11111
27839
35523
3677
4960
38131
21385
18617
17559
36725
2572
25787
6902
40140
37406
3605
50904
2574
33294
21242
33890
40648
2152
6472
50701
32051
43081
44184
21613
1231
6433
21092
45029
17301
45140
32396
20649
16869
23261
6028
2535
28711
9456
51168
29303
24721
50406
29160
18361
17870
24
30147
1583
18356
4412
4406
4407
4408
4409
4410
4411
19378
31308
34666
28076
3077
3078
3079
3080
3081
3082
3083
3084
3085
3086
3087
3088
3089
23000
36290
36291
30300
50827
2492
20192
23534
19464
18153
19335
32849
16894
3662
16895
35620
28804
18941822221
7513
51777
20714
23157
1748
1839
28017
51487
35454
2865
33597
28651
24393
28695
18430
11555
23114
6561
4304
41498
27161
28291
49315
35757
46042
46230
46483
45750
43249
45994
43636
45616
44030
43250
43832
46508
41977
43371
41978
43585
12048
23121
45844
43513
43637
43546
46485
43638
43639
42204
4961
883
23360
30075
35673
23401
6082
23804
21371
44328
18578
2496
4677
43683
46007
35557
20553
6119
23766
24444
38888
38419
38060
13273
29131
31597
6116
3660
28535
553
30143
4676
30483
15920
45573
12937
21067
12335
19763
42308
42703
15243
36033
40600
26532
10932
34553
46348
24086
41324
11186
1313
2689
37727
38990
24102
24502
36493
6658
33361
486
42011
21473
38237
1388
22767
7053
47141
1875
35614
44369
33735
6124
12958
26206
2299
37361
26372
36980
45556
27718
6242
22189
34567
15570
13135
29448
15465
7929
40292
16936
21137
34925
1687
5311
18443
38684
35135
14085
29183
42702
865
4930
32303
22827
1880
22924
42012
21361
45859
33353
13895
21893
14352
10268
20945
49173
5731
5264
51354
25847
48396
25857
25869
5631
25865
40741
40930
27834
2127
10859
7040
7735
12387
21812
35145
23307
1334
22879
293
50898
26087
21536
659
51965
36923
11472
1369
1824
20213
2090
40253
22231
26410
20314
49927
50334
5175
15259
32755
10675
36115
25489
25487
10212
6141
14815
25491
25490
39945
35675
34199
17767
9833
15750
24431
25448
20837
30940
36744
36740
35729
35730
31507
45908
22113
5729
3621
3670
49110
7623
605
17428
31748
37573
21231
37180
44159
1278
1217
1391
1868
28877
1930
26405
33382
33383
34369
33381
27150
12768
51286
1158
402
28616
12972
50063
29274
11561
51397
13543
30236
15664
32859
21572
7059
29447
51482
31985
38175
1406
44151
45038
47832
12677
2874
2875
21755
37545
105
26044
37837
26654
4516
23050
38694
43670
9817
26322
16
1332
26998
26999
1976
21943
5339
13148
21577
10452
10788
28780
23985
21474
21475
32344
34660
6033
16146
6403
5959
1658
11025
48313
325
10905
32891
19735
43485
25295
33610
34402
12584
16019
30245
22279
38970
50462
43169
12814
11028
4633
15506
6060
29721
21756
862
47499
9982
16015
671
18000
18640
28629
41822
22912
15093
2155
36277
2005
19962
4049
51656
24267
45405
51009
39169
28021
51193
15173
12313
17741
6179
6174
6175
6176
6177
6178
3804
31542
1230
34970
1704
40922
24954
2004
46262
35136
41774
38922
12354
37258
5327
16865
32457
34136
30380
32832
40176
20025
45141
29299
50761
33291
21101
15426
25105
51804
16921
51404
35787
1858
44950
43046
30045
21873
32696
44626
33206
23016
36538
21625
29790
24738
36655
32514
22033
46200
20710
20057
48190
3019
50945
44518
29069
16604
35426
51918
18515
27951
19067
20212
36668
31755
51047
44547
25419
37429
11259
18666
1450
6100
37459
29088
6001
859
15971
15630
25778
39570
30938
42934
41854
47925
40859
11991
41011
484
4348
2302
14222
21575
16541
3632
38816
12900
35953
5329
29789
41440
29153
36138
25665
45241
45242
42839
50269
31825
12560
22152
50881
21693
23233
40232
25629
19948
18164
40954
11163
22707
45379
22180
20697
37355
23361
10365
51814
30381
43170
25916
4387
611
49851
45872
29776
31886
25469
1342
42671
34345
29293
51321
28586
40611
4016
16217
14893
15227
22390
20850
21935
21994
51219
38847
17545
6374
39592
49305
50836
50849
25456
6584
5426
41906
24427
43587
29005
3930
3927
3928
3929
23131
51972
21394
51318
18834
46417
17856
31835
21886
34060
34406
32150
47315
26698
10790
32739
10777
34748
24290
33839
35551
36867
34319
34320
5400
32654
22216
30242
50844
15025
14103
51768
1591
24415
18413
21635
20984
30304
6753
2607
38005
51232
45108
49779
15976
26027
39926
13244
24357
24414
27421
27360
23815
27055
16364
16213
16673
13390
20333
26119
45096
11638
11429
20334
16684
14940
14935
14931
12905
45710
10221
31587
24122
22324
21291
32964
32535
27190
23219
2497
22893
30399
47120
18690
18691
14303
16473
12019
6840
42183
32411
2602
25079
6469
2486
19896
7853
22597
32953
461
37528
34953
42246
21363
21541
6044
20033
16414
50596
47221
47222
41790
19752
34764
23359
2853
45929
20756
18063
36160
34000
8574
11861
25753
28765
707
19303
5348
4270
3405
3406
17371
18190
41863
22750
29053
29389
29786
26533
5086
5343
43025
18817
34491
45774
18683
27984
39051
39050
28292
28655
49727
25579
38969
41740
33416
2802
2595
9616
9301
23853
14698
51919
15111
21416
36429
5643
13019
5335
41452
652
31262
32900
51092
21578
26324
41636
18563
19480
41122
24835
13997
34139
3419
498
40024
20739
20840
42136
5832
46462
3786
50449
44463
45178
12191
48219
45511
22656
44111
3094
6351
2516
17821
44152
34461
10496
28675
15356
32759
2725
16115
14885
19057
49648
21696
23022
40141
12196
19265
45617
23565
29593
29594
29209
27613
19964
40264
2830
21043
1870
33892
46841
3711
28030
27744
287
30267
37129
44702
813
24604
5951
32919
872
34466
29822
12983
32631
1938
28031
3720
81
17027
49081
12084
27756
8668
23929
32772
556
28543
4426
4421
4422
4423
4424
4425
20559
5373
5365
5366
5367
5368
5369
5370
5371
5372
6365
36950
7465
12348
46982
44252
44253
44254
23231
32550
46945
39364
34448
35652
43362
23624
1300
20044
9867
2285
1396
50414
10554
3796
43414
29580
20076
28638
26768
31840
25581
958
43038
18139
20147
1942
12741
42235
24827
22948
35283
35284
21698
18100
1646
6016
1198
46519
30372
34473
24898
8737
2561
20983
41433
27997
34846
21365
18945
30090
832
28700
26085
6936
38504
28040
34495
37369
31611
7025
7023
7024
3808
22539
33787
37803
176
24836
33813
5148
29300
29589
17227
34824
21042
40690
41757
24976
21484
46443
33469
33468
36243
52020
1088
3815
11140
25274
25355
22972
24182
24488
22956
23430
25174
31478
22377
19195
22252
22511
24993
25548
25206
17642
13731
13832
12909
45933
48771
30123
50044
6185
16180
26181
36182
46183
56184
24020
21389
11880
23564
31578
27085
29570
5794
34512
5990
13774
17152
41296
41542
50943
41127
2804
32115
17743
36168
20620
30907
35805
15195
28462
1033
27607
34296
31492
6676
48880
37451
8586
31980
20552
38991
2608
51741
11379
36499
12243
42370
423
2533
32972
15773
31993
1907
36028
10552
31452
44485
10316
25002
27272
44172
43011
19815
30860
2011
6900
40283
25967
7229
38486
29897
5153
585
43864
38753
50246
12891
47923
23015
1145
22373
34705
18777
4275
43785
22743
29203
26613
34024
36398
6851
36397
20834
23116
36747
36748
14635
15720
36395
36396
4985
14630
25802
40814
40385
18520
35082
23216
11360
22928
39760
40402
12832
21366
10793
20092
2640
35116
23002
2683
1290
42013
42044
51616
16925
2705
23391
44813
37126
15192
21930
21476
10046
29283
9443
9444
9445
9446
9447
28467
3425
12386
18091
39061
47394
50129
13087
26043
11474
32324
43198
2470
5961
51981
22467
35545
20962
4420
4413
4414
4415
4416
4417
4418
4419
14079
38001
14624
30352
35060
5227
41186
21367
6334
13757
137
24772
47769
43806
20068
42393
26700
1826
25107
1051
31349
39689
42665
29990
51727
4687
37862
10849
23385
21488
50906
40674
28482
10926
28544
28545
16763
30382
28495
43144
50317
1947
9807
40795
37949
13307
4944
1660
15782
17780
51773
40593
13528
20034
14494
49785
31590
40927
23791
37206
15117
25670
48883
51407
42409
21931
21809
51037
24958
22997
29832
38796
1915
32032
43529
1155
16683
19304
50320
1734
44659
43268
1344
46093
26140
22239
51588
35759
43757
29601
32029
32409
35889
35574
35793
27666
21041
45927
47744
34505
29472
1338
1312
593
13664
27146
41196
23478
10783
51534
6376
46292
42822
6091
161
21839
22513
35204
10784
134828
27537
14961
37653
51867
14395
1432
5507
5501
5502
5503
5504
5505
5506
45321
35180
3918
3914
3915
3916
3917
20578
37628
30371
23325
19412
39161
35496
47197
32932
5603
30836
34504
4731
24697
1306
28271
46336
15214
1611
30574
17029
42188
42196
33234
24006
45455
28976
51072
47674
32375
12315
27352
11471
35462
51576
41015
2452
22022
26934
5745
21095
21096
34825
3155
41269
14563
33934
21787
21227
10651
27426
28048
46622
46621
35786
43773
21702
23647
50796
10573
12476
29133
38236
30486
24380
32709
27355
21927
6465
34766
47405
40745
12732
5403
50543
37432
20831
10483
16556
22249
21005
29583
30189
39137
2500
23542
31659
6700
6701
29305
30288
11998
1960
34850
48249
44824
31771
31772
31773
31774
31775
31776
550
50091
36027
30572
50557
21703
34920
43122
51982
26306
14579
20328
37419
3828
47285
40154
32359
33797
33798
45156
2824
35296
35297
48294
2716
45514
9633
9634
2370
27712
29316
32915
33081
15565
20993
13812
2845
35931
30692
40133
14523
233
5267
34109
4218
42840
4947
21103
14614
6592
48181
2851
15148
25551
47655
48389
19736
17492
19816
14623
17761
18461
20326
48350
44952
35437
19360
48761
34985
13238
30002
882
19781
5649
2234
3189
5836
5837
5838
5839
5840
5841
5842
52189
916
918
19668
10569
31665
26080
30530
25465
16926
39159
4356
21051
16871
22315
51855
29966
6884
5701
44923
22462
15843
25151
34021
29308
23411
22287
6073
41858
1596
5737
40813
28849
10667
43763
12558
21579
31821
7520
2297
37815
37381
30447
21478
49724
10329
50678
28263
23161
26856
31373
50848
44165
18078
403
29415
6120
2227
28537
51610
38998
27779
23160
47368
702
1414
1467
21659
34630
51568
28345
34205
46698
18224
51844
45732
3182
27251
2327
2042
24189
20385
11144
14376
28550
46046
46096
22185
11084
26255
30798
19970
90
21382
36112
217
47634
46857
1417
39168
40414
51445
29620
18292
51414
1269
30673
38339
46051
47721
23751
43905
41573
1208
4508
30768
11022
32200
4376
20857
51249
29947
25051
22549
50290
18719
20728
40993
49962
12639
47793
4345
29027
1890
32011
24071
32223
32070
30383
33298
32657
36221
48685
38893
51121
40301
40302
40697
35049
6029
7435
46676
22194
16597
11069
13277
858
23159
32594
3006
32054
3381
19526
26049
45490
18816
42729
42730
42731
22052
24735
34494
18458
50935
51736
9858
19090
26137
27444
26957
39903
31736
12570
18492
39899
39138
238088
30339
22008
38932
6051
4553
1052
41655
23323
30884
47097
12155
2515
32704
22245
19055
21372
5753
5750
5751
5752
34886
3429
14216
24458
26526
322
23926
18716123
129983
45636
40999
10394
44399
19963
28450
30015
45520
23570
33142
48636
37242
20493
28896
31227
11436
31064
31095
22401
511437
11452
31134
31146
31194
1980
6039
2359
2071
6040
2457
2135
2588
2035
6041
5431
6022
5728
5659
5741
5336
9987
33510
49125
24725
694
17860
15551
46288
33525
51432
22175
41350
14994
43993
10885
13725
240
2198
40622
47139
2508
23067
2949
20547
15933
20229
50931
48696
10070
19533
35331
37353
22053
25654
33613
16405
5793
46190
18062
26181
44426
31687
35108
43982
37038
26130
16840
28701
33499
22096
27467
16693
38314
20788
50238
34200
13756
1701
19989
46674
32083
31945
23299
34009
28047
31857
18957
38575
43627
43628
43629
37766
34536
48295
48291
12577
13237
12164
5708
14679
2141
20156
11480
35177
43082
20749
4777
44672
9838
5417
25158
31815
2902
2904
26702
41415
1373
33939
28776
24329
32731
30722
51571
39387
21647
7141
23197
35032
15431
51805
32782
29356
3470
44079
20071
32266
22763
33444
166
40010
49170
23832
26968
23669
16334
27439
23271
28987
17902
27052
26232
6931
18426
17308
19928
21480
20436
37972
3533
17030
22342
13522
29260
23324
51809
24966
51395
21230
48418
22872
15899
37289
18987
450
32169
25109
10370
2495
18499
33919
4074
35083
7178
44154
13396
43112
34230
34490
21568
50924
51331
23674
39151
18789
3836
6692
19121
42763
47237
3760
21373
39660
48385
4537
4534
4535
4536
5807
48795
48630
40492
1600
34321
51231
32613
25390
20332
33233
48596
162
5320
18579
30972
37477
23577
45424
46367
23845
9620
9590
35456
39207
2282
10454
49709
51957
31826
32186
33694
35464
35552
41204
30266
35788
35867
30050
37286
16415
28424
1286
20657
573
35161
35598
5245
5242
5243
5244
36385
32046
32478
32444
31481
36658
38838
51497
36602
299
41966
13514
4294
10999
5697
7870
19017
23678
29346
25913
21678
17732
44561
49057
12225
40569
4514
43756
44959
41795
13015
45198
33511
33152
40108
32914
27365
6980
537
2886
49780
22258
32109
18126
45678
28693
911
13293
6695
27784
6145
18173
6103
23378
37002
33368
34884
33688
34817
2550
8663
49630
1202
5713
19461
31143
37299
49731
25038
20004
17066
32161
51995
976
30115
32583
11050
45430
1197
43318
21638
2375
1862
25768
92
78
2020
1401
28089
1816
36579
25744
2353
50847
23292
35046
51199
24361
10880
21105
28769
49651
19951
13717
29625
51717
31153
15033
19661
43110
17260
42750
42751
42752
18861
6921
20297
11227
49521
20856
11126
4674
4744
20380
10021
31004
41332
41247
21374
1258
2681
26649
20563
20492
33754
24838
43252
37003
110
22064
34589
23651
28647
43100
6566
2078
25745
2177
12998
2552
28956
35247
21617
32693
3105
43134
27475
27316
49479
25725
36166
35822
2172
30270
14897
6384
44146
52107
26104
37561
20323
23657
35943
35944
35945
21337
51428
15986
20377
142
22227
48453
44226
10869
33274
38910
6407
13104
1473
33968
35035
17191
51240
34476
19010
47944
24379
42572
46059
13897
45343
44693
45308
30554
42357
2346
2344
2349
2347
2345
2343
29908
43716
28671
4990
37647
34986
18307
32527
43702
17560
11263
28165
44153
21035
37185
44037
46951
25506
46950
22816
12190
47582
37952
25301
25529
21059
39800
21316
33762
6761
6759
6760
35749
43241
1644
14375
21331
20261
4452
4444
4445
4446
4447
4448
4449
4450
4451
44362
29380
32325
9811
5110
1218
21015
5844
17402
45688
22354
50273
11915
16867
46952
12630
19092
2493
4084
46866
22407
5846
15521
32095
964
4085
7464
43596
1661
6758
51994
31135
32216
74
7193
7194
7195
7196
7197
7198
7199
7200
41935
14732
20184
22744
31212
39072
10576
10698
19994
40879
38663
29310
21448
2358
541
29618
1814
45549
51688
42417
40361
22031
49416
6908
39488
12826
11867
23150
19224
25739
49872
49947
50783
24104
1453
4588
35229
29619
4612
642
14739
24792
43071
16078
1822
706
51077
9879
51081
39933
1590
4488
4483
4484
4485
4486
4487
31585
32587
432
24149
13257
177
10398
3179
24621
39005
5118
35424
49108
13835
3330
5746
16464
2368
40571
20043
44210
21530
37746
31324
23517
11033
14044
32665
38208
32345
40202
19671
18342
7005
7003
7004
51909
11240
21616
1171
22740
52180
10976
44073
128
19860
5668
5612
5664
5665
5666
5667
20916
44105
41183
4381
24794
44419
20537
2703
37215
28302
41284
21222
9959
45689
43263
1083
27925
42558
14716
5957
48909
9746
211
11060
30583
26895
17263
1220
7823
7821
7822
21261
5143
21770
3145
693
1273
33860
32742
39102
33476
37454
32437
36273
38123
12559
25811
7863
9871
160
50834
6315
17352
30028
7433
1384
21618
38436
30239
33565
51823
28960
29360
16968
24871
35836
5265
1305
31021
35197
32071
9948
20985
17266
28531
34263
21975
30828
37453
15317
18434674
42010
41890
4082
10509
31949
41225
24160
35502
1718967
40335
40518
21716
23370
6872
40723
676
6236
6230
6231
6232
6233
6234
6235
36322
32886
42940
20084
15659
1093
23509
32162
9830
18660
5798
34404
36258
37948
24094
13146
37549
22845
38531
1990
44375
12067
5164
30817
44327
27645
2366
14106
18838
3642
46712
14256
2676
15438
22470
34034
28489
28301
6862
4969
30302
11221
10566
26001
10947
22319
17893
22892
45528
36393
36712
20303
20872
23445
28088
16998
45525
6490
35155
37261
23153
28164
20849
30969
23599
29813
21718
32256
29931
17205
30240
23115
26242
25023
28989
49201
24286
721
50890
21901
27591
13419
36370
23637
47523
23474
1888
32954
848
9779
21326
16003
17197
28418
21834
10164
21259
48813
17733
1460
35484
50493
35493
23248
48701
38703
36710
17418
24522
37235
16018
1587
18514
34987
35833
20707
32412
21298
46006
965
22109
20330
3413
39112
45232
32508
33064
22701
35140
4920
48552
2081
36858
24839
33799
20888
11875
17414
14946
43854
11493
40501
45382
27991
23693
42886
21539
503
1603
26852
31589
31485
37310
37307
34470
393
38577
23249
3527
19977
40364
36008
23104
24451
29298
20754
30905
27804
24557
11182
19875
37554
18420
6576
6063
737
6055
16756
6950
15169
714
5952
5617
5948
20311
37909
17412
41132
30567
33999
41461
29581
32321
24920
32438
23661
45384
33501
22420
13032
23453
17179
26646
28990
2686
26177
33400
22043
3435
3436
3437
3438
3439
3440
3441
3442
3443
3445
3446
3447
3448
3449
3450
11309
19083
51600
48680
49002
4552
40219
46720
25186
20630
51912
10358
41658
19026
34775
19718
19717
30446
17173
42796
9923
10081
12656
13020
12682
12805
45982
12571
12870
46045
14711
6337
6083
50166
46085
30951
46054
14626
6072
25478
37175
6905
49734
45182
45991
6973
6149
45727
28887
43856
43875
27561
44394
26671
30356
21794
36057
38191
21236
49143
13783
13354
20618
9479
23094
21125
43218
43079
33282
19930
27095
27094
27097
38087
27096
6573
27093
35149
30845
30953
26625
5707
19501
30453
26875
47358
45667
49117
49798
49967
50224
47037
50602
42077
42086
26475
28726
48251
20434
49338
50192
32460
32045
5981
16544
32240
48948
31389
32354
49269
42102
34394
45740
21842
35808
12112
49676
12947
12945
48164
48410
48999
6339
29991
12946
35071
49983
20327
45028
26257
46968
5602
44882
45202
36000
12948
49799
22644
29129
24503
31410
6444
6898
26434
34864
35044
44724
43714
25666
18076
37927
27674
24493
21487
13181
21008
18874
31259
32322
34497
22156
36223
11121
37314
16919
26925
37092
32498
23764
32561
47817
25835
33618
21891
26623
30689
28509
31497
7318
10363
2706
34023
16321
34657
34658
34659
1601
42365
21763
2762
1633
18110
471
5529
5517
5518
5519
5520
5521
5522
5523
5524
5525
5526
5527
5528
42100
2163
28815
23182
32428
30417
43594
51772
22079
42733
12938
12939
31898
14957
4340
5257
37521
23062
43261
43262
33475
10755
15978
41857
41459
39564
39578
19538
39577
9927
25955
22806
12821
30354
18958
1967
748
25056
28054
31201
3282
40955
41796
16052
40502
51696
51744
51693
51745
9849
26987
48860
11912
36551
28074
44380
10930
23372
37463
47735
39643
45262
44317
41317
14835
40897
5583
5578
5579
5580
5581
5582
332
22554
45755
2905
21237
38791
51435
43703
28502
18158
40991
21823
32473
38165
28870
17398
15094
2573
20010
21903
20040
20157
1881
45061
11426
24895
45206
33763
215
28583
39539
30096
30479
31317
35948
42504
33806
45657
10688
12091
36833
11718
42206
34443
33532
36229
11664
6895
34926
45236
18606
29528
22938
38934
28448
42548
30825
36130
15726
31393
20822
36485
38983
24301
5106
5107
5108
25132
25165
14522
24109
49533
33458
52078
40519
19649
294
26714
13356
3601
21223
12986
43674
5610
43152
40893
35038
33021
30044
23500
22061
43749
29171
31062
40177
40178
40179
22232
39549
32221
12357
11127
9614
5191
1836
1832
1834
1835
1833
296
33868
37509
12202
23491
46386
35570
11918
50325
696
19901
24473
15067
49948
23737
29756
27115
14391
9839
35645
36753
18576
36042
14647
20126
27143
32269
28425
7605
41556
5387
5383
5384
5385
5386
51533
34089
7927
10459
9964
29566
288
34916
37492
18366
25862
32652
41820
2736
49035
12208
2718
45734
5274
41064
48080
12199
38981
40349
51508
21529
26742
27317
18510
1153
27965
38323
23943
36854
17999
43088
18533
35277
36626
20015
15964
34957
16437
43126
15187
21558
6471
48167
33697
26409
32279
23580
28308
5061
45114
13685
14752
6899
18146
14411
49643
37511
15170
35913
653
45415
3100
29939
16677
22331
24348
22411
2316
13418
1921
46986
8407
26278
28297
15709
2731
20453
14508
28306
23553
23511
25927
3688
40570
40526
49282
13250
18587
13251
12940
41990
36119
10371
34485
4795
24543
434
18761
2475
2476
2474
2477
2478
16991
50955
15444
32406
37270
41752
15953
7008
40146
37249
10942
39456
26240
16447
15766
37257
30405
42333
7028
21239
4604
5817
34403
38895
1366
40828
32555
1696
2688
37582
22297
20445
23254
30891
40126
21685
18327
21037
29980
38498
24276
23421
49614
1405
13114
51557
17131
19746
24639
32687
20796
15073
28461
30868
25760
2026
6880
42441
26967
20367
37042
31512
1951
28439
23773
1410
13813
23194
7079
32960
45539
31100
3136
5592
3272
3273
3275
3277
36123
1963
9869
3942
3939
3940
3941
44106
44148
28093
20451
5240
5234
5235
5236
5237
5238
5239
3909
21816
433
41917
21060
11666
13246
483
46517
39237
42925
31288
27385
49681
11184
43150
1762
12144
30589
26420
11475
51164
13417
51256
28883
46124
26993
1716
12886
12431
646
7124
21721
9608
36400
21034
30914
38743
31722
36255
38609
36251
36259
38431
38742
17403
42568
26865
41881
20727
32899
26066
4761
478
866
33715
3230
37623
42757
1184
34999
44083
29406
4743
1350
2772
11870
48643
367
30827
305
12388
17745
5825
35207
23368
34460
12377
9831
38665
3700
13384
36644
40347
19173
1193
21725
29602
42366
26563
25971
23164
29331
21710
25081
37581
20795
678
37147
40348
46566
37338
2123
34058
11989
9832
2435
41721
32101
33425
41909
29880
5396
5388
5389
5390
5391
5392
5393
5394
5395
17062
1605
22410
23265
16138
22820
35165
16958
20104
388
13191
4541
25516
31480
38443
23557
18171
21456
11051
25817
34488
716
6586
46371
46403
44876
44875
18655
21062
42040
29696
38276
21075
50272
2471
5779
38551
34441
28435
24299
44062
28698
24516
1563
15569
28619
29623
30351
36625
42045
16140
3192
13302
21049
25143
47583
45253
32525
5989
25477
32090
23247
39374
38853
48885
45622
11052
49782
10102
20912
49906
19615
3610
32062
32061
133
11074
23172
20718
47427
37831
37832
37833
18185
14187
10696
19020
44478
44631
12931
49594
22869
51928
2192
19614
50598
32784
25637
13546
50561
28440
25829
13416
1955
21986
40353
24696
14818
2132
31493
7493
13511
35591
32933
21858
48604
460
15873
33259
25463
40998
15673
22559
30528
5759
33622
23608
43726
18387
44428
17435
43404
2138
2569
27053
7891
23061
16007
27068
33916
46708
24965
43092
34627
23054
33506
46492
643
49802
49975
49899
23140
29309
31361
41963
50705
37479
17793
41490
23700
3726
13102
35781
46064
51091
3285
28767
25550
16074
34996
12277
50270
25086
18310
2384
37198
37308
7832
46558
50723
23180
2307
1871
4519
51783
23417
1729
40042
44304
16557
15089
25960
24268
10201
15502
6056
11960
29629
24166
32302
25947
19142
42209
10988
22538
36494
37005
14605
17710
2767
12816
21993
43944
5965
39145
23736
25695
16127
37995
23169
50332
14896
35022
5826
44888
2426
41801
41201
9615
32635
21637
32134
23374
2348
17031
7639
40046
36500
41594
36442
40844
13996
16560
5248
3242
32439
22654
42923
6809
14454
29890
47789
35485
35441
35442
27086
27650
10929
21728
23290
41444
8394
21861
7119
37329
27857
29760
27730
12270
456
32847
32671
19726
29138
27966
26843
8710
28702
38703
48704
68706
78707
88708
98709
39081
28091
17103
31788
10534
3139
13851
11062
3674
26448
22884
25770
31778
47776
46117
9499
5054
17389
40950
35374
51519
19999
19801
1913
41139
33209
469
42296
33086
41723
23244
13505
44117
30796
37413
49694
29748
3622
28266
4956
42599
42109
23302
35480
28590
35834
4012
14176
3649
3646
3647
3648
50103
647
23373
20515
21255
32971
10882
5150
19272
39527
295
306
6719
21116
24896
1604
16866
1173
43508
18584
29041
31981
3475
1684
32108
31598
35311
51926
42403
29060
38646
28813
14076
5589
1215
49924
29008
2785
4311
5699
41667
517
16011
19113
5493
14356
5483
5484
5485
5486
5487
5488
5489
5490
5491
5492
18661
40838
14471
37412
16389
34426
16889
27952
34219
3536
22756
518
3162
27618
9635
28276
527
14051
29410
38458
22759
13878
32128
19146
44573
32637
26075
462
45842
24799
3774
46892
19732
47598
16093
27110
30964
31962
179
7381
39218
10213
16004
1627
10377
5743
13398
32087
37399
14420
16090
1884
44718
12371
11247
5151
30586
27198
22155
5894
6133
30031
41003
24201
33047
5241
30438
31516
30833
24758
11715
8681
43390
3183
9952
29725
43340
37547
7987
30580
19734
11319
28802
40359
33606
29021
27168
21884
1096
7894
48089
40226
14245
932
3636
22779
9908
17020
48304
49511
46615
19798
4929
2844
35195
15989
5744
51455
30733
49621
16525
2023
50658
51518
50054
21460
22999
18872
29686
23885
30408
24632
30490
30188
27432
29481
504
19436
37600
7492
26520
23296
44185
645
23412
2371
5270
29498
41062
1840
29717
21968
35912
51170
33602
42755
3676
39255
19207
25780
36592
15654
13152
1294
46300
42113
16134
32760
50484
38775
12877
31483
25818
1013
10553
24192
15467
29219
30024
37725
41144
2823
35904
24089
43492
27067
25188
25164
2315
4702
24306
26651
32038
15746
30445
28615
23752
24953
22219
45208
297
29421
21735
29668
7011
27754
41299
40862
39987
15881
51228
32226
30125
5848
41366
40572
50823
29749
44324
45403
12265
50287
50165
50824
29166
44227
5883
30401
1206
1740
42981
40640
23420
11696
5755
1634
49389
22284
47899
3466
30497
1190919103017
26239
24814
47533
24417
10419
43269
15760
14501
14876
47168
19371
243
39548
33470
50042
50078
23641
4397
2596
2594
2559
13498
30344
4379
431
9747
5135
370
33556
46864
5950
3417
33387
21120
13626
16639
6738
45026
45601
45518
38664
9795
18883
1484
2776
21264
38393
38394
50177
23099
18602
1806
40602
18116
38479
50980
27996
2309
27511
15055
4000
23836
4091
47782
19199
44178
33513
20437
20579
34681
33210
32253
28480
21462
31784
39401
38517
1625
22215
19191
23222
23263
44643
35599
33213
16289
51257
33482
16629
36765
561
3431
20898
26936
37225
43853
33490
2197
35740
1160
29614
21547
3637
33066
49708
49074
4046
46023
16731
1429
11214
21737
34619
12176
30540
3758
29374
33823
16433
42799
28244
46020
41458
35302
32861
22004
31824
26187
1805
37254
9659
44998
4496
38873
11366
12573
14470
30941
45788
46107
34583
6917
3728
17176
25781
26779
51011
26986
46656
10966
6781
21087
11045
36991
36039
21733
32485
27507
24975
19029
3178
5818
5819
5820
5821
5822
5823
5824
51941
42699
21464
39376
27911
43137
16520
25799
22578
35503
11106
14948
33605
10936
6459
10954
37903
35926
32417
36961
3663
15274
26534
42287
41414
34202
35949
21094
31471
39896
16551
20717
24070
10915
5263
25626
38030
20736
38608
28855
24248
25801
38152
42029
51268
37912
28740
30840
37303
34749
37019
47471
45398
32401
44576
37161
27495
41326
44133
39730
1659
47822
48975
1263
50122
23185
13372
43762
14998
35964
30950
35957
35483
21275
28705
40583
51699
1655
24672
24010
29405
64
12257
16716
2883
6879
34500
291
32501
32708
32544
1666
16963
41844
4264
4262
4263
43197
49750
43442
11609
17781
2735
21734
27705
1614
51943
15661
21390
37576
3104
28349
24495
50909
5202
24909
46944
35509
316
36600
871
14201
18613
22124
19108
32270
3071
4515
22168
34795
34945
29628
12920
26061
16050
11668
43114
23584
21934
42532
31752
16903
21234
26039
21205
1495
32580
18060
49617
45478
26536
688
7051
10994
18558
23811
2775
4632
42920
22197
14598
25345
29753
30502
21736
10325
23778
1905
10537
11418
39587
430
26194
12735
22307
20789
2813
35238
31056
12280
20315
32133
49897
22808
33230
23220
37913
37490
34266
41176
44147
20238
572
35896
30212
7136
41005
29190
29326
110135
29650
51714
41199
389
35486
28118
39294
2943
5815
25333
32777
33293
34134
50792
24864
13123
40265
9872
11656
28115
1916
6127
13876
35540
25499
24278
34503
41895
24499
36861
17887
15323
33571
7277
10446
35458
33019
48112
48928
46475
10441
2868
50571
24929
22173
16041
33547
6746
6517
5590
49301
1577
16408
28636
43878
12044
4734
12139
10963
10977
2125488
22846
44107
46984
33733
2697
10567
24152
35214
5756
19569
45401
3634
17442
40848
16174
29132
3653
33481
5207
22939
43489
46015
11041
2532
17047
6806
39595
41052
16909
44550
29202
10082
4631
32055
20546
50002
3469
17959
29535
41562
11325
6901
45728
13670
9978
36497
30705
30120
902
25035
11216
38325
29932
17658
29817
43187
43188
43189
50672
349
18332
29503
30815
1455
172
16053
47841
36713
170
16975
644
37857
50897
33780
35533
50794
17953
41619
48055
35527
15721
43229
21232
35045
32575
35587
6877
10789
6491
10938
29046
34243
48984
23856
32730
36953
38284
24716
6944
6942
6943
52055
41446
41438
4915
5847
47671
16777
5145
10473
48644
26254
29697
23662
21129
36919
4528
18756
4957
38006
19742
38169
16014
22398
23269
2505
48117
32615
45133
30322
28438
17867
19148
28858
25388
5313
2281
34507
37801
37802
1299
4533
49555
3159
22809
35770
27063
41283
37291
43065
26392
7035
41767
42681
25708
38282
28886
4984
34725
1553
18150
26309
36509
50868
24302
46252
22583
50939
35463
750
12728
12730
12729
12731
12692
12689
12691
12690
9749
20280
23154
34035
13969
39970
46852
18664
22102
35785
27751
14879
12943
24577
19943
2636
7949
28898
10381
2060
35993
5921
5904
5905
5906
5907
5908
5909
5910
5911
5912
5913
5914
5915
5916
5917
5918
5919
5920
5946
5922
5923
5924
5925
5926
5927
5928
5929
5930
5931
5932
5933
5934
5935
5936
5937
5938
5939
5940
5941
5942
5943
5944
5945
16300
2511
28768
22944
39326
46346
7265
9904
1933
30274
13884
23784
11092
1988
32284
4781
29793
34538
32667
32360
5675
19672
15948
4017
6045
33816
1394
21807
395
7166
47850
20746
16422
39238
28579
31222
28079
42531
15778
15180
14532
16573
32316
5895
4002
24922
38250
38647
19899
29170
23771
15099
13409
15285
39991
21757
29695
2852
3070
24120
29445
42243
36811
21808
472
4941
17769
31228
41791
31588
19147
35003
30148
12441
11603
45800
45801
31806
3724
18822
12678
2416
25016
34947
17108
17144
10083
42973
2041
21882
24603
17012
10718
4495
10002
45816
45817
45818
41525
39432
39554
15678
29462
42961
25876
27411
16137
32904
7506
39520
47198
11988
30480
30551
41078
43069
48699
2518
10029
25627
9331
11328
28385
22524
14890
22646
26283
16719
40651
2325
18604
35518
39210
22897
39682
2638
18881
23734
25189
25083
7075
47211
34177
51413
2199
1474
1447
37145
15103
51682
39724
31416
25766
51801
5301
43028
22338
32805
39698
47305
51923
42193
39544
41354
44219
39479
21098
42742
33065
22248
48469
9994
23252
44196
23178
26233
15728
13909
23688
32927
43005
31759
20003
12414
50676
34529
34530
20838
28179
31392
14888
3975
3972
3973
3974
23177
9856
52169
14393
15179
204
29278
5689
5690
25430
5364
5356
5357
5358
5359
5360
5361
5362
5363
173
31651
45402
30482
40660
40312
14406
32770
4075
47319
28162
32684
23535
31343
36859
33623
50188
5230
32202
28431
45786
5196
34452
38994
39083
39807
40067
17088
10062
1164
21740
26514
4628
6030
5233
34390
6474
3102
11354
4646
3371
3372
3373
31662
3365
6105
23117
26627
29644
159
47723
13282
37588
2771
21741
34431
23141
18882
29271
12385
28426
2841
34738
29852
5194
1162
44150
26906
17792
3496
7950
15116
51951
26523
17535
39385
37621
3781
41981
34617
1390
25474
20163
33910
1190
33997
39585
36660
4208
38293
26154
35281
26499
25713
16125
46077
3746
19658
42162
20693
236
35997
140
16805
14087
3152
46323
6577
6302
30988
27588
14581
24483
48001
43465
25452
40588
19338
15013
25803
25596
4917
31422
3362
36613
20622
46905
32131
52110
12188
37036
33759
22540
46027
48653
49736
12957
36492
16589
6656
48115
42427
25702
19087
41460
33306
23256
40493
41361
3495
38413
51781
701
33673
42096
16375
16698
32925
13126
23120
23128
3780
411
18960
24034
21550
21315
39217
27508
16578
24751
23112
39761
12484
44591
35755
35756
40075
16114
32004
46176
14903
27897
689
27209
47591
47592
47593
16802
12240
24907
23304
35336
41455
12989
3813
18631
27929
42618
2461
48237
12133
12121
23124
39705
22013
36083
3095
396
19861
13415
32841
12923
11304
2328
13763
927
31869
3824
51669
15493
39853
4364
30606
4712
4645
3375
3376
25203
35031
32203
30874
33880
36999
16855
18410
33612
5302
3046
23995
22727
551
6241
6237
6238
6239
6240
2509
38341
27307
42595
42596
42597
42640
3045
34367
46152
44546
27462
8727
32655
8493
51530
39062
21395
18247
41794
32468
7727
22464
44922
10560
6914
42926
26153
27681
940
15546
2057
36054
24437
51966
23426
40016
13738
17572
3024
36523
30746
35304
43199
9932
49784
24910
18991
10973
26603
37578
35691
33208
41592
19713
50292
25849
41434
14708
43129
21214
1622
29958
43827
34208
6431
51921
23612
28854
46381
36804
5805
37146
4047
35513
29525
16612
1975
41
17825
37599
38247
40004
12753
32486
1641
898
36159
20443
16182
39478
15430
22902
44928
46933
30448
51967
51968
29827
41231
14813
1079
39270
21744
4251
36615
21745
38469
36376
11509
31473
35941
27212
38136
43961
15894
2165
18336
15893
15124
21746
14150
41997
29083
33845
26045
28492
18811
697
4627
49826
2876
13312
28096
3454
12858
23782
4918
31096
23189
1569
28465
22876
14204
5119
32234
19307
17546
5075
20219
21998
11534
14487
2702
50978
39324
19721
49598
29483
45782
52001
14526
31371
38939
9407
39599
21248
26215
15867
15122
40463
15741
39594
48912
36178
3048
25877
29683
34614
45606
21340
23695
48363
50274
10463
5303
7090
40277
6011
6455
45975
496
24053
44601
51698
33901
5093
35383
21830
29812
6683
43132
10051
38771
23918
15406
37333
18735
31488
6979
27103
21551
6897
33401
43140
2059
20544
40592
15414
35414
6837
41236
39518
1376
23377
3823
1831
2038
1552
2043
2047
37089
2014
6500
21467
12797
21065
1808
14881
15883
40375
34917
21747
38302
42625
43952
21240
40038
14542
1027
4757
32610
6115
31118
39937
2604
190823514
50470
35326
19485
45245
25910
22066
24133
12192
51550
25921
5251
29742
50236
50237
50347
26885
15625
18863
5703
13227
6993
11961
21405
13369
45071
43975
23063
25404
783
285
149
24204
51803
32831
23727
38603
23555
36975
1807
15328
30427
25201
16039
33857
21318
41454
49989
35649
10474
43729
384
24459
959
2283
11151
6906
16654
19162
34697
32563
4384
139
9808
22047
10957
23125
49632
20359
27921
51468
870
33289
28383
51971
24587
26217
19458
18019
50835
32569
6373
15940
38833
39923
42945
42714
2164
20485
11507
1014
22158
41877
14234
5160
119959
219973
319976
29000
49693
26174
28749
21243
364
21813
5616
25837
11189
2460
47161
37708
20606
42137
429
23344
14257
39662
419
50194
4910
23625
48032
1307
26944
15367
27903
10038
30298
8867
2764
12279
21235
38865
38875
38854
5757
46156
5253
28295
37190
3249
1823
38702
41921
50953
42153
39143
21674
26485
19343
30402
38212
4231
1314
51953
17048
52049
50855
787
2520
46398
36346
34797
11572
3287
33984
24287
9852
29418
51174
39295
17041
12971
1869
49590
23701
2759
23167
14756
23606
5083
51955
21633
3457
28974
51337
38312
704
16204
3251
1213
29432
14858
36238
17394
6768
1760
33645
45451
28595
49848
44872
25644
3767
24933
1720
12587
49757
23988
11377
30259
19174
33964
28062
31356
23165
2709
43837
51295
1695
29808
34248
15868
16493
35516
46343
20724
15302
34709
38761
15745
25570
50131
2181
2182
51233
6223
39229
41037
298
21821
44841
18815
30985
41855
35295
24791
7174
37969
1556
28637
39731
45315
14126
2436
11228
50088
5633
40992
27400
29437
35144
35143
24680
32219
20743
38215
25809
20131
29524
5422
49795
4285
9796
45347
436
20615
28161
16168
17690
7486
49979
34492
35388
21050
3809
40013
12854
11311
33601
12995
21469
29140
14174
40969
30020
31390
143
19751
18700
4767
23152
36391
13577
17099
17865
42725
14889
12508
16453
24135
32639
15817
15818
41338
46983
43617
39306
2796
834
1177
26093
51122
32137
36836
18814
40567
12016
32901
47860
40136
20054
31082
25407
30378
27890
10148
51916
47229
25505
35078
42690
27860
1189
47113
35671
50193
1819
3479
41084
5421
12482
28889
9902
10373
21751
6008
2950
21582
31577
48706
15496
41645
19868
18286
21904
38347
39134
29877
6805
6688
32353
29416
22720
47958
17504
30761
32723
10086
32648
15578
25410
40982
20336
1077
39753
22541
14382
40033
17129
21063
45291
21470
30864
29743
48743
48744
13276
33546
25920
23415
46774
21555
14001
23568
30623
44574
3719
38144
26235
6600
19764
32431
34322
6406
38798
20835
12201
5829
38472
6280
6275
6276
6277
6278
6279
10418
4092
38602
601
12122
30450
31189
47654
24913
96
48887
47576
41029
29662
33557
16497
765
12509
23631
50826
155
12901
11371
32751
13344
5051
12347
17279
40899
48647
41323
51135
29791
27550
33607
23253
12361
12362
36964
28449
40605
49030
48459
48863
43509
44788
47417
43204
44951
45326
52153
50051
44846
48536
5004
46850
42461
42748
46127
45576
49049
36426
37911
4914
39063
2789
7081
25873
32024
20870
17342
37433
23645
36320
35857
13450
37434
5626
26657
48270
43917
50260
42953
29656
32429
51958
27391
27697
27456
21335
30811
46011
10776
23677
17744
19969
20349
18699
19171
20348
20347
17118
35778
331
19231
22662
1912
23603
51379
9657
2415
34664
18136
47312
51294
51649
52056
33800
33801
33802
33803
33804
33805
3268
863
1268
41453
13937
17843
36013
50109
3186
40836
33973
34629
39425
43582
17636
10008
44984
47613
12187
4223
44041
25656
44060
46581
7964
564
33814
40667
40464
14632
12195
11931
1651
36198
10067
42807
45658
43583
9853
26637
17763
41151
48144
36237
41509
48882
42455
43584
50209
31122
50781
21127
42390
2077
21329
20646
14048
37652
20058
7958
1815307
15132
42534
33843
24274
1763
22943
38976
14275
16012
5405
33947
11183
16185
12175
33519
6379
4301
4325
45482
6487
41513
7467
23502
24025
33542
22915
1047
1623
1489
23003
32924
37651
39215
32537
27998
32388
28063
16552
32683
1151
25003
17731
1029
12436
25024
33634
29479
36487
33829
18894
36449
11372
1853
16156
38523
21753
24140
16095
45413
38070
50989
25628
46153
20997
5591
363
27990
11107
17943
47774
31123
11520
21358
27982
41265
26778
48955
44503
45841
268
16380
4313
32340
29355
40168
11506
36329
21278
51829
29862
700
31892
49472
48258
5182
37348
17841
22710
9748
26829
26830
48452
45623
10556
40751
26360
10571
23485
45552
32590
1902
39833
51920
21824
6679
26977
31167
5247
43659
27826
30386
21217
30113
6037
33334
41049
24769
45524
10052
25954
37827
19509
36532
3027
41545
27461
40725
19776
32688
40495
42225
34858
39812
24593
15946
33039
48608
27983
34754
31823
29573
37148
16329
30398
51112
25724
40573
51963
29989
38195
19387
21969
15188
19743
42630
41982
35831
14130
37486
10267
20324
19295
4987
14136
4988
19561
19607
19311
19318
10465
19294
369
1987
40949
37260
45155
33015
50358
35217
34401
13673
21571
27339
34835
15149
36431
16054
29847
36662
27682
47834
45559
45409
45408
188645267
50089
5308
355
3715
3655
36132
7749
2768
34141
3717
23703
17481
13413
30500
16339
30303
38177
30340
40102
46693
46570
46610
46637
46697
6310
36295
2427
32094
955
22212
30324
5102
18181
21772
1966
24535
19359
2774
33778
3247
40835
9836
4298
20425
31767
30349
11237
11595
27894
33811
31522
35746
43838
23275
33372
4040
25061
12557
21086
43918
48161
48162
48163
2720
1688
42259
30960
6769
552
43270
24977
12830
33207
25429
34487
6065
28006
12209
13060
43111
9957
50453
25648
3028
43264
50604
12663
30286
23552
175
23026
2806
12954
21573
23630
36771
43699
46375
44294
44401
23646
35499
13057
868
836
16205
5704
5899
5958
15859
580
174
26740
4078
31912
43336
2606
20567
37943
3262
10222
8206
131
7088
34531
50611
40912
6331
44721
15588
51297
14149
30600
5615
46799
46794
46798
46795
46796
46797
2275
34661
21691
42389
29291
21580
21692
21072
22752
21403
21052
23498
24035
32059
42117
24783
30057
37245
4382
2013
42167
42168
42169
18488
40434
26593
51832
30062
13449
50682
29771
31619
25067
31174
46617
27981
16532
42989
22426
41560
7500036860
21944
37013
32801
35141
31139
20449
19401
29818
51970
21574
34905
35067
13957
2666
14049
17620
5310
2869
22895
126
1923
5007
17455
6217
6215
6216
25136
31708
31782
30588
45507
6068
45117
4991
20087
36423
12997
6069
6067
46920
12980
1168
26889
2548
13576
7036
15714
18705
16017
43457
45381
31927
18011
11016
13913
2833
2834
3263
8117
49856
47534
47535
37482
10110
5662
6984
6453
16468
47272
39985
21362
10068
28521
10410
32430
47357
6450
21694
28514
43925
26011
18875
30313
12177
33665
19085
24865
18572
12673
25726
19462
12912
41091
31524
9809
457
50176
51238
16674
22478
20120
10521
2158
34481
15482
6955
3696
1837
7154
7155
7156
7157
7158
7159
7160
7161
7162
6353
6848
6849
327
36612
709
32249
34339
708
23413
51126
40034
2365
17391
34130
30955
467
30794
21656
14740
16458
13141
29715
29366
95
21576
25719
2276
24333
50971
25899
5129
44796
23872
5736
2665
1028
34988
10575
33573
6300
29156
23730
35132
32361
2463
35619
5663
3658
51028
38286
25785
1296
36016
31735
22479
10666
36678
1032
3239
25584
509
510
511
11593
16644
11229
42016
12596
7132
6575
1196
34861
16097
3169
45517
47023
47562
47451
46872
26743
29177
27913
43616
30108
24418
30910
40553
1917
5705
23058
17168
2798
44448
6571
17436
49344
49953
20122
24813
24822
43527
48767
40480
38222
2126
15265
40657
17357
17214
19166
43738
43768
43621
43642
43658
43700
22171
38453
35594
27455
12878
39574
14278
36314
35987
25858
45146
28735
39576
42545
42569
52167
50498
51589
15614
3608
9907
23548
33970
27248
1874
37455
28948
5067
22666
21364
48200
49954
29863
10374
15278
28356
40574
34927
37271
34928
33409
34929
33656
37204
25754
14334
10601
25514
39916
28663
6947
25774
50895
51854
26890
35346
10443
28443
15384
10387
31038
36869
2715
12450
44421
31738
31739
18844
15839
32929
31083
25441
33959
31762
3265
1426
29891
19702
18275
2766
44747
463
73
22350
32942
39297
37294
1733
33990
22095
36047
36588
14730
48616
21714
540
29533
385
30214
1872
1433
50090
3922
3919
3920
3921
40491
42688
21697
34810
31252
36247
33897
788
4287
33004
14167
45047
24624
37039
23218
41001
11409
1747
31210
31860
44182
11128
42834
28071
40137
46236
42056
36478
283
11624
11413
12611
27384
10676
3791
29954
39212
6255
15775
46057
19568
51483
31995
46467
10392
23056
22073
407
1497
150
9387
6626
1712
42194
1138
46390
10023
40416
18855
19158
3075
25230
1183
24359
108
221
33529
122
17500
31595
37189
23419
35393
7529
48690
32596
51917
41027
19027
6690
23994
29317
27950
24663
4288
43298
17180
42802
33271
43135
23629
2360
33279
24804
34826
27061
16530
27231
25998
21241
24177
6249
6243
6244
6245
6246
6247
6248
20904
30770
13343
49842
2803
7842
3137
154
12827
46436
27089
40547
28504
40548
23071
34849
13375
39582
17351
40866
16793
1099
50102
50132
50123
38617
50327
50799
50831
24297
46146
28848
34416
4747
10041
41825
705
51754
28958
18239
26624
485
35488
3745
45895
35093
49859
44374
50119
9745
47785
13547
20541
25450
12654
23217
17456
20661
30299
45200
50418
5094
22207
20173
40947
47902
30254
33879
16911
46813
14244
10949
2996
32143
13292
46217
25092
25096
21206
25071
422
11451
28683
46008
40603
24093
6050
43102
3659
897
26635
6118
20911
31673
34482
31718
35879
27786
763
26539
21894
10323
5780
40303
26902
5002
15795
5003
26193
20053
5770
30841
13455
22012
36179
16476
22996
22163
6451
5875
26182
15904
15723
22547
6071
23286
21699
21071
30537
51980
43633
24784
40793
3687
36606
11671
32908
21885
14891
13194
1048
11583
39631
17355
21611
30961
30824
30109
45214
48605
35079
30485
15580
186114615
50515
32939
47615
21841
19120
15936
16651
19388
38186
8455
36355
32636
34323
26491
28748
43558
42283
32917
28515
28516
28832
5611
5218
5219
5220
5221
5222
46389
24055
38289
23268
1303
36719
40027
51263
957
32461
358
28123
31581
25344
33
60
21970
33909
40688
13412
1732
28819
4086
6086
37532
49496
6094
1078
12941
36881
4358
48778
50050
3294
35920
10545
25866
21268
44751
6229
6224
6225
6226
6227
6228
4675
1074
22076
17932
47271
41107
11614
17446
1937
37364
18470
35782
13209
29910
974
35164
51796
43293
15670
12349
113
17396
35637
26176
41837
50668
44979
16800
44059
32584
36335
34939
45530
44535
21489
34522
1686
33644
35823
35528
40372
20548
40041
10057
34682
4531
3831
5795
40581
220
34278
37378
48133
21955
25689
23831
15797
30138
51153
51296
31501
34065
51102
32191
27382
31820
31668
41829
50923
23232
35218
21701
43450
21482
23264
22496
24211
18856
40483
33793
38142
43977
12631
1392
27549
42687
20136
1897
20429
32327
6722
25411
22664
40284
12532
44336
33101
451
14262
33651
42200
42320
42965
12041
40945
11881
37262
12590
42894
44352
25005
22593
5769
49146
3408
1876
46266
4405
4401
4402
4403
4404
19129
38995
44769
44469
7031
22794
31697
4735
30093
35474
3784
23008
34281
23510
17043
35335
18225
29328
16000
18399
33002
43732
48615
36232
18950
23928
21964
17566
40934
20494
506
41224
34829
30301
41168
35942
35069
30477
2097
13840
27476
41089
49870
41772
31635
2454
51611
19069
34407
14960
40369
46304
25590
15705
25820
21368
32743
19892
6017
27798
28688
50622
42184
19586
21004
37430
21879
37664
36666
51983
36605
5466
5461
5462
5463
5464
5465
31663
38450
37164
37113
25655
23250
16631
21336
30255
45776
18768
20869
11402
3248
3288
45629
45485
24151
23055
27395
46653
39048
36281
12163
20634
51275
25451
23521
2861
11279
39900
50961
33850
31737
2086
4599
32079
28303
30353
39531
44454
49860
44752
2687
49901
39216
50766
36121
30376
513
24695
6737
33466
40734
29401
49278
14595
17156
35146
11441
5991
30636
12615
34361
34791
12935
533
44
31930
44109
13572
36170
30732
26216
22018
22086
4623
2377
52060
43938
51617
51816
14317
10508
42332
2527
12283
29527
869
36428
40520
30283
19135
21479
10132
18753
29702
40346
44262
35705
6998
29545
33731
9966
30993
23515
49162
50282
35607
41662
9981
32750
51351
49537
45866
20343
15416
23410
14572
20695
1239
32007
40545
16427
12697
47900
6437
51840
5076
29588
33325
17854
9888
46523
9845
1818
32632
33996
51687
51094
35538
50411
16258
31381
36384
43145
23768
28662
33434
22811
40017
32658
24647
18984
12396
12397
34244
26292
290
41989
32208
3811
37916
24870
19966
16013
32448
20919
45545
49342
5435
49330
22967
3411
12750
49674
17495
41130
3181
44581
10724
5792
42823
10948
49471
35423
41797
5342
5835
1948
6307
17276
27472
19333
47575
38752
35590
5804
37677
2661
17277
1441
30662
17679
36852
36439
15095
20225
17064
33384
24970
19425
18297
6324
17784
12181
44288
5845
38623
38624
38625
17429
501
45869
29468
51334
36917
39296
24420
21621
41630
20698
18724421
15621
49985
16268
45479
28025
42864
4787
25823
11162
1330
37838
10399
43696
14848
5594
5597
23504
31801
32402
13506
19230
39755
19423
24097
43381
6866
25025
33702
4547
20395
837
19340
10745
25409
14482
2821
2565
23221
6370
10679
16291
19608
17094
23272
4527
43906
23465
18155
770
30169
22404
28770
41273
24858
28834
23735
30361
19539
14853
42633
41613
47373
47374
47375
47376
47377
37484
10020
29911
30105
30222
30443
24999
21058
27917
7143
17647
42
43
26447
31202
23671
51956
37396
36739
14394
1214
35233
22218
15886
35378
1075
27147
29726
3423
38176
27533
51574
8435
22512
17756
17056
17057
17059
17058
17054
17055
26641
20935
11479
18965
26168
3430
15684
16381
47177
25578
25547
24973
32843
13441
13955
18774
38063
41235
34256
6508
6510
6428
40618
39340
16259
51683
17040
1698
1652
46329
40214
37193
51545
36480
15562
18644
43157
41659
11703
34808
3497
7050
26883
32697
14656
7862
33301
35633
10806
38525
1181
41714
14868
14407
24589
21322
25090
21412
6754
18662
25943
4494
15528
21426
18953
24590
5727
18630
14877
21203
24881
24731
18652
21836
14814
24628
15284
28293
24608
26869
18626
24872
21078
15077
22476
20097
12103
15137
17089
19805
21619
30667
14402
21845
14304
14838
18656
43447
25824
15575
24592
16663
14872
14220
15234
24545
2729
28906
14797
20716
5955
21844
17208
17703
17702
17701
17704
17705
44031
1377
23767
4048
27284
21913
30635
47964
47965
9834
14844
35644
37481
19336
1668
17175
24996
822
3030
11580
50751
13058
24013
25859
32574
33736
11188
25053
5091
40833
35467
35468
35469
32996
33846
41859
30539
19043
35617
29118
32676
13453
16976
15767
15852
50387
45135
23738
32447
17434
17937
48620
33263
28505
32513
43109
27071
12212
19593
43288
42233
30797
12981
7416
30547
558
46250
23381
36301
37062
4581
45898
40278
21447
15135
12485
17669
9170
8516
9169
8726
24678
12143
21559
34653
51942
35517
14081
21396
24812
50476
32620
1257
2560
39776
39872
39959
35179
11876
12156
14486
24936
13553
32775
25127
40673
18813
42535
37236
35
32670
28862
51142
19145
27222
14863
18056
24197
30852
960
23171
3629
16010
17680
36283
10787
51734
12360
15737
23987
32394
35199
11674
9911
51537
20678
267
14242
37497
32538
34703
4308
39829
1477
13180
24837
50372
102
15183
12555
46437
25867
4464
4461
4462
4463
20085
9913
44078
17477
42115
22063
29113
34129
36522
43989
51771
50014
26610
5122
32319
42032
6210
6206
6207
6208
6209
2063
27051
29162
2783
28102
25688
38020
14633
6214
6211
6212
6213
32718
42119
43473
21491
31832
50391
21079
4211
5161
46688
18449
46276
7070
34410
35615
29694
5087
17677
13883
39366
1721
26854
33386
6222
6219
6220
6221
3744
39826
38916
23452
17955
20458
3707
29319
10027
32566
37269
19064
24351
34575
19369
346
23091
51868
30679
38685
15289
14573
51985
17697
18219
2864
6107
45068
33099
31979
16244
1098
46048
37209
50087
40398
209
36401
38689
10608
16257
38197
27554
24307
14491
40452
10095
34458
23540
16574
38834
29638
2862
43765
20475
1380
2826
1624
13379
9926
19012
42486
23051
6007
29811
21490
3428
23260
4621
24220
21689
15722
23601
22466
23790
31357
555
25171
51495
4305
23807
914
12991
549
1355
33212
27609
40834
12153
15503
51810
34156
18257
455
23060
12157
30622
33945
26391
32745
24529
32036
38746
20255
15875
10109
5009
10886
30683
4034
24221
42135
6070
16454
14456
22246
4684
47002
12028
18927
29617
12725
3706
33963
46119
32744
4327
3289
3776
29407
4707
5735
24744
1449
6009
29542
1699
10476
45912
50499
39422
32154
25272
30106
15927
4713
40832
11757
29471
10342
31583
12659
31586
31612
29404
26541
1345
2667
36686
35370
17086
51644
2609
18997
18721
32903
12158
40853
31626
20381
23007
34819
36977
21987
1899
936
41098
46782
641
48963
1298
8123
46926
3153
13922
11217
32107
41908
41950
5671
45074
1846
10959
10368
2387
41185
16051
1444
33877
16505
5672
18549
34442
22629
7816
27906
5064
16586
23072
144
29413
1154
24666
36827
3805
41652
27265
6443
16344
19750
50022
31495
51076
49060
41154
27471
1076
29654
26478
21709
37437
37438
37439
37440
37441
21483
3097
3350
3339
3340
3341
3342
3343
3344
3345
3346
3347
3348
3349
42672
619
36578
3323
780
37661
14678
36
5073
39163
36888
43210
23144
37181
43395
47910
40510
38693
27521
25564
1018
36309
31841
1285
13459
12445
33876
34776
37208
2084
14362
19491
12516
7857
37572
33616
35776
19071
49096
30449
2685
5231
12154
28486
31326
31362
21375
50885
6267
6261
6262
6263
6264
6265
6266
29104
51198
4620
31833
16861
40664
36511
51774
39982
39983
41552
41553
41554
169
3326
23122
18728
12124
10897
13131
10548
34399
37301
16092
46761
14696
1264
32465
45100
37906
4299
22226
6845
39066
48084
11190
23193
903
38558
20155
6927
23308
35702
32911
36419
43551
40712
20551
16368
23623
29173
14506
34744
27232
1741
13496
38561
459
33215
33214
14119
23276
41134
41172
32893
47385
18847
21088
36604
49092
39166
40672
10862
14817
5066
35361
50286
31200
52044
18689
28376
36561
36562
36563
3802
22842
32152
1883
11057
30855
49945
42382
30335
30925
29100
28033
24617
13212
40831
34335
46549
21044
11438
26992
21999
1617
27805
289
34020
4284
5062
6751
24395
26537
32064
45248
11957
22176
17255
29452
30059
14917
20152
6997
36122
41665
52084
37824
50203
223
11936
33886
31057
34689
1944
34946
3816
26282
16502
48937
2893
20132
41058
26307
47555
47556
47557
21914
41126
12170
51054
30810
10391
2797
38310
25875
47640
2372
21854
1851
51989
583
34931
9880
19411
14597
4396
15218
37821
24705
40449
8549
49411
31523
16042
27188
45683
10935
11116
44558
42442
33913
43936
55
21760
21832
20588
20614
20753
21810
45462
47279
35600
21486
27180
34284
482
50329
43107
31320
28547
16366
29854
29381
25525
2148
2150
37293
21327
21655
17375
17376
17377
22069
37285
28747
38801
38804
38809
1031916
1130870
1230939
1330954
1731012
1931037
2030849
30700
30744
30393
30807
31484
30650
27724
42165
42145
42174
29059
6284
6281
6282
6283
38028
11602
21711
17973
24764
2763
1059
10471
10643
10748
10921
10993
11180
11527
11659
22890
32680
32026
37414
32317
42797
10812
22560
32466
794
18522
1024
38846
33714
44497
44498
44499
21085
40941
24880
17400
1585
11625
22140
47739
23351
30474
2437
978
41483
5774
49290
33660
189441876
36603
2028
1849
28314
640
41402
47989
34911
9974
1952
21782
43471
29119
16583
19944
22521
27300
25494
27850
26367
28741
38412
25150
25524
21344
9613
12792
19097
5128
25449
42689
32934
41512
49745
20008
11585
8153
12734
12778
12777
14369
14852
21687
32992
48942
5623
6114
1882
22060
21712
6357
25886
21506
24403
42801
42066
22669
20365
5673
50201
26218
45324
26016
49331
19246
25868
21485
28331
15256
39473
50475
5843
28680
19477
10810
21713
20922
50651
12839
9968
34668
23283
41682
13295
1322242
29559
19527
18054
40995
1931
30869
29426
32827
44873
33117
24978
51661
25776
6415
41187
28954
34544
11324
40676
29354
805
21229
18172
23102
23181
38101
5976
5973
5974
5975
31948
46258
9088
43155
37304
3185
44222
23993
31272
12132
21245
21319
44560
1951018
307
43138
10624
26208
48420
38029
40401
22293
6836
2183
10659
20808
10458
36210
6362
32795
12880
10901
28173
33615
38747
36829
31421
16472
23497
34598
2288
30457
6717
14039
14665
8732
47702
12
39657
33309
11373
20641
24602
40726
29266
1998
72
32906
32878
4302
13527
44400
50853
4398
12591
32630
23337
52176
956
52018
4760
32802
9873
31409
40965
18831
18151
32347
51380
25738
14784
4660
18531
20836
24655
48989
22731
37320
50271
9648
51665
22422
3464
35664
36403
33740
20486
31989
12444
924
40104
32393
7478
32124
50884
31355
2807
3244
41180
42974
32338
30844
12733
1993
34770
18004
30577
5315
36246
36171
40181
3817
26519
51708
30273
21102
27633
6974
26851
1480
32224
31901
31902
42017
20992
19409
44013
44293
44457
14083
43796
21097
24270
850
41656
2356
11901
24986
51933
42835
25896
39802
494
3609
40453
91
93
18943
19522
19495
23663
18180
42155
19590
18954
20986
44132
1282
1363
1281
952
1284
3005
953
1364
3777
950
1361
21188
4635
2273
4230
4532
951
949
1362
954
4227
1283
19258
17985
4608
3734
4711
499
26355
1413
13404
40705
39912
25986
23487
14128
718
40964
33604
50735
28378
34995
45388
36465
34171
20628
20629
20626
20627
31599
43742
51332
19952
51797
2070
21495
33014
41603
46173
21377
33988
22836
22966
45973
15321
23103
30149
41690
41761
15271
25256
12545
47980
29453
9790
50034
11093
20712
49865
49864
49863
15415
51115
21494
39090
51759
18786
9775
120
27780
39399
29023
30010
29794
35119
2568
2459
32981
36107
36108
36106
11056
188738103
12640
4622
32757
51788
17562
39858
20782
32706
13880
36672
20981
7048
44470
1431
16048
50268
50353
18437
35946
40869
21481
44625
14099
14427
15389
4029
40508
15697
46647
12316
40324
40325
4995
28391
21133
26442
20138
37415
15498
31518
14284
31065
5778
2514
27968
21599
28444
24859
32104
31287
36085
15961
43146
24771
10440
32896
14717
1743
32564
34618
14480
164
2488
2290
1259
50775
25087
49547
21706
21493
13707
1751
47564
28552
1055
29616
45857
39094
4997
320223
36323
17006
26645
22706
4056
24565
12828
46159
31502
17532
26725
12317
50471
13499
25972
39567
30881
5893
30498
2570
3146
40663
25159
2942
28894
1443
33667
34220
46049
22198
43159
20576
29965
29948
51008
51986
26155
32383
10920
10995
45389
1900
28656
6588
1142
5449
5439
5440
5441
5442
5443
5444
5445
5446
5447
5448
19474
19370
47515
30334
4300
5900
23550
43156
32149
23942
35641
26606
34016
10581
31769
44924
970
16080
15826
2306
21666
45474
26381
27679
23447
27680
12810
38241
14851
28446
14710
203
11171
23213
17807
42574
15281
15282
4634
1242
35251
35252
35253
29475
32173
38299
40939
19206
31375
27935
20101
33480
4380
17981
40451
44464
49492
31231
46694
16714
50010
5347
42600
546
21061
41758
20719
2828
46855
19235
2662
48009
31555
3795
33257
21068
19731
23829
1896
2555
23675
37979
28008
41425
6006
23493
52141
44827
4916
3465
20207
2480
43265
18752
2825
3714
6684
7114
33725
38830
30562
16596
21707
32737
4596
14645
35653
23443
27491
24789
52029
42816
23335
45742
51035
23477
17453
39905
27492
44879
26653
14786
29892
10438
24775
2598
1223
12681
16954
52139
36046
25727
50620
38894
11303
50663
16009
33484
23952
44330
22301
26010
29080
29353
11019
12179
14712
5120
9778
13345
2757
1049
23868
34252
599
14833
46043
31620
39768
42401
39652
22275
15956
4360
1374
11869
50702
28267
6852
51150
34366
18385
4306
1843
1425
16491
15627
14627
35036
45920
34685
34686
21443
6350
26379
26853
6159
15466
15381
15252
34250
29729
46735
6378
24196
23563
38918
24382
23725
24811
2400
48511
32902
19946
2639
23073
47423
35007
6013
35773
40450
18713
112
11269
26316
27522
2466
17922
34919
43973
43974
36820
39434
30491
27797
4443
4435
4436
4437
4438
4439
4440
4441
4442
9840
50659
9924
26236
26237
26238
31311
34832
40045
51201
18569
35595
18846
21463
32351
51344
20355
29321
13985
4912
4719
4720
4911
45341
47080
27202
9844
2295
34484
50940
33591
32717
4393
32446
43186
13708
31568
31563
51726
28045
23728
15799
30135
5993
52135
52136
52137
29408
40059
40386
18750
43997
43292
20859
37376
26941
43983
44326
14211
2600
25037
46865
40233
24148
6364
17958
68
29509
22545
20082
32462
29548
41437
19730
23387
42575
2870
33195
30416
28038
29579
10565
24558
16367
20375
31289
4510
12183
31745
5998
4966
6661
2034
4964
4965
16959
23632
43149
32416
9903
20247
13472
29976
48603
18077
18156
13158
45142
51987
7077
24118
43688
12269
11241
18760
28717
12224
33340
13508
31439
31377
51988
12791
40874
51653
38287
29488
3056
17178
39572
1860
14153
6014
20052
21883
50361
2007
34720
32935
15402
6090
3016
49754
12833
50811
32502
50001
51336
5141
7118
6157
18654
16398
30867
35198
31975
6010
38690
30146
29504
28512
5969
5966
5967
5968
41092
12033
43534
4044
29111
25166
27000
34599
17381
15541
7671
38311
33952
41515
32127
38570
1671
14367
41031
34057
15189
28593
4733
30896
2545
25118
50371
28953
39666
17498
26994
39214
21639
51798
47614
26186
32116
6135
49595
32836
40245
29322
775
1368
17510
6205
6202
6203
6204
17890
14540
23539
2948
27324
34792
31116
38616
30128
1402
33995
32946
330
30715
13048
26835
19747
11683
31207
21838
23522
10996
19869
7144
39644
1595
37426
51132
29572
46528
34975
34046
43677
13973
20308
44176
910
38061
41719
4698
43446
43445
43444
10712
2472
21228
36034
36044
10022
14384
43108
43828
43829
43830
46457
41184
24753
48747
35205
3641
23551
12229
40696
13932
40837
4033
23166
34801
38423
14168
13836
792
11970
28099
23195
38262
38296
21113
39907
2066
41826
37259
152
29621
9986
38263
44828
10009
30466
13077
11165
6291
6289
6290
36483
25562
34796
18742
19936
34662
14172
21376
4310
21505
16001
26642
0132862
0331593
0434144
0534145
0734146
0834147
0932956
1034148
1131761
1234149
1334150
1434151
1534152
1634153
1726962
1839759
47011
2037217
2137336
30711
29030
11334
11032
14421
22183
17333
22590
47429
5636
2866
33043
416
30618
49131
45627
18829
15014
12308
15801
22913
27505
37207
20633
14763
21246
16222
35042
22477
24353
22019
39105
39546
24754
36312
22099
43256
33971
36313
34551
25816
30475
21449
39489
18833
25993
38795
8939
33528
35373
35372
35371
30952
37027
19714
26982
28585
3336
48458
18264
905
17182
1053
30791
18868
19154
2805
14096
13817
23198
5433
11686
6304
43766
32918
32874
25651
15224
42150
47008
46233
44484
22713
42274
51531
20111
9649
16858
44055
17766
32910
12535
25607
43101
4274
36374
24375
43301
51845
18964
23549
3732
3667
13709
10210
38532
51107
15982
33943
44273
4617
18876
4240
13278
4931
21014
43600
35704
48351
20366
33520
23602
3055
51319
37167
23667
25299
27980
18256
9785
4618
4619
23758
4770
40881
21134
24959
32820
51824
32068
37079
32254
33335
49240
43706
39097
16073
23388
1465
13752
46320
30578
768
10434
17800
9983
50037
39349
31419
1803
41784
24131
33695
4706
5696
878
36136
28650
33096
10364
45274
36715
31795
40587
32663
50905
33707
12057
5866
42536
23821
18175
47386
18176
12607
31897
6285
6286
6287
6288
28694
31140
30089
42902
20432
48487
39431
15202
15560
24911
25836
12936
25747
10922
19766
22272
44045
8403
11097
21089
32897
20617
16495
20584
525
13555
2637
31547
5797
32907
23090
189840056
49229
21378
3664
18972
2664
37472
26917
29750
29727
30476
25748
3934
3931
3932
3933
7608
33319
28915
24482
5079
1841
30366
36364
44118
40994
34168
1845
43216
